12889 5
147316 5
1 5
22 6
66 5
2366 6
4280 5
148 5
4280 5
4280 5
78526 6
0 5
7 4
14 5
5416 5
164656 6
12889 5
1 5
66 5
195149 4
162007 5
1172 5
7 4
31269 5
399 5
1416 5
66 5
195422 7518
56 5
151949 5
1416 5
14717 5
70387 6
1431 5
14 5
147 6
2355 6
70387 6
2355 6
63522 5
9673 4
17227 4
194546 12
56611 5
17227 4
81162 6
195422 7518
10 5
151234 4
20719 5
26022 5
1416 5
58846 4
95731 5
22 6
42 5
26022 5
399 5
22 6
22 6
34 5
203943 3
1548 5
177839 6
135673 5
22 6
14 5
50451 6
1018 6
2901 4
6 5
2 5
28327 6
195455 7726
56686 4
2366 6
5651 5
23540 5
22 6
4280 5
145 5
76521 5
784 5
1768 6
2366 6
40328 5
28068 5
66455 6
48327 5
51536 5
5651 5
5416 5
3 6
2355 6
48327 5
154335 5
40328 5
42 5
42 5
42 5
2305 5
11 5
784 5
229 4
10869 5
109955 5
40539 5
108 5
784 5
5288 6
399 5
9405 5
4 5
6 5
119775 5
10 5
145 5
4 5
52 5
784 5
10 5
21694 6
66455 6
52 5
26 5
218 5
195539 12928
54 6
218 5
101043 5
52 5
40572 5
53864 6
6 5
5416 5
4 5
193876 5
784 5
12087 5
10 5
12889 5
3179 5
42 5
12 5
76521 5
8927 5
135266 5
12087 5
30226 5
8927 5
188809 4
218 5
784 5
12889 5
12 5
170379 5
20719 5
95731 5
37 4
84952 4
63808 5
1416 5
1172 5
570 5
570 5
53864 6
229 4
30226 5
63808 5
100132 5
12087 5
30403 6
6446 5
149822 5
6446 5
88735 6
52 5
891 5
69337 5
69337 5
19 5
32893 4
193512 4
195420 2304
32893 4
27126 5
5288 6
5288 6
10 5
78526 6
27126 5
109482 5
8927 5
73147 5
110727 5
891 5
324 5
30403 6
125767 6
1768 6
19 5
2457 6
56062 5
48680 5
9405 5
48680 5
39629 5
7 4
15412 6
127756 6
81162 6
195420 2304
2305 5
12087 5
10 5
163395 5
2457 6
891 5
195811 3
111048 5
66 5
12256 4
8927 5
144461 5
66 5
56062 5
23578 5
891 5
192890 4
167468 6
12087 5
789 5
570 5
9361 4
2901 4
87205 5
159702 5
1548 5
1416 5
29663 5
195458 12374
11743 5
789 5
183335 5
9673 4
1172 5
6 5
195 5
251 5
88930 5
86788 5
145375 5
9673 4
52026 6
60635 4
42075 14
195563 3
42075 14
4280 5
147 6
188512 6
2847 4
9361 4
107020 5
2131 5
164 5
588 5
2497 6
5 5
154505 5
83 5
12827 4
56346 364
56080 5
88735 6
12827 4
42 5
9361 4
42 5
52026 6
2241 5
34 5
4820 6
196826 3
789 5
148 5
4820 6
84997 5
1416 5
3212 5
19 5
12827 4
2497 6
50817 5
382 5
16 5
80919 4
195517 1070
48298 5
56 5
56 5
16 5
702 5
97690 5
263 6
84997 5
38496 5
84894 5
99931 5
84025 6
88 5
179815 5
52 5
4280 5
16 5
9628 5
16 5
4280 5
2457 6
148 5
103659 6
9628 5
52 5
37 4
8927 5
522 5
8927 5
175025 5
192261 5
128590 5
189976 5
88930 5
4 5
1172 5
1609 5
159206 6
632 5
4820 6
4820 6
20787 6
160 5
88 5
195390 6415
16 5
47973 6
201437 3
2900 5
34 5
28075 5
137460 4
229 4
6446 5
263 6
88 5
263 6
39629 5
22 6
23578 5
42 5
142020 5
101 5
19 5
2131 5
195563 3
16651 5
50284 6
51559 6
198477 3
3 6
2900 5
9628 5
41688 5
26 5
1388 5
4031 6
147 6
53943 5
16651 5
195390 6415
16651 5
166025 5
18400 5
2786 5
2786 5
18400 5
16651 5
19 5
16 5
4693 6
147 6
4693 6
39037 5
147 6
19 5
19 5
78 4
1542 5
72708 5
1542 5
20896 4
117009 5
85 5
196125 3
32513 5
195390 6415
195524 932
53943 5
4910 6
22 6
73 4
4031 6
58 5
41688 5
1768 6
72708 5
4910 6
22 6
84894 5
13923 5
90 5
187092 4
17521 5
17521 5
17521 5
90 5
68938 5
784 5
164 5
2373 4
94615 6
20787 6
12 5
67041 5
78 4
195390 6415
78 4
42 5
150425 5
195953 3
67041 5
10 5
149122 5
78 4
13923 5
1 5
78202 4
53 5
164974 7
5884 4
1712 5
164 5
164 5
202177 3
171518 5
170380 6
2698 5
559 4
78202 4
8 5
54172 8
105286 6
28964 6
195390 6415
195430 948
24 5
8 5
162345 5
1833 5
72226 5
4910 6
38496 5
195563 3
119062 5
4910 6
28964 6
1781 5
29663 5
62039 6
118712 5
16 5
27299 4
27299 4
157889 5
2 5
8 5
9572 5
60635 4
195390 6415
195430 948
9059 5
2131 5
9059 5
111 4
90 5
62039 6
90 5
4820 6
84025 6
588 5
2 5
94615 6
82 5
1723 5
9059 5
1712 5
2 5
16 5
59863 5
37202 6
83 5
56346 364
83 5
44 5
195390 6415
195536 16758
62923 5
97690 5
62923 5
3465 4
16 5
56 5
55740 5
179 5
3 6
2 5
1908 5
51559 6
13073 5
200702 3
28075 5
68938 5
1908 5
160614 8
44970 6
1723 5
12827 4
37049 6
86788 5
3 6
898 5
4910 6
13073 5
10650 5
195606 3
195390 6415
195566 3
13073 5
1712 5
65935 5
2786 5
13289 4
1723 5
2786 5
229 4
1048 5
55740 5
13073 5
9361 4
156952 5
2497 6
46925 6
20741 6
129293 5
6 5
1048 5
65935 5
117733 5
44970 6
11127 5
1048 5
195390 6415
195520 12196
65767 5
123482 6
2141 5
37133 5
65767 5
37049 6
56 5
37133 5
2497 6
120753 6
8980 4
2698 5
1908 5
80919 4
195569 3
13923 5
12350 4
784 5
96672 5
139688 5
213 4
1908 5
249 5
2131 5
588 5
16290 6
1712 5
5 5
196725 3
5 5
69791 5
69791 5
195390 6415
10650 5
148 5
148 5
9 4
68 5
4 5
4 5
9 4
160 5
9361 4
168610 5
53211 6
736 5
33 6
8318 5
1 5
2698 5
10650 5
88 5
60669 4
68 5
2698 5
195434 110
195390 6415
8318 5
6799 5
2434 6
6799 5
112767 5
1038 6
6446 5
2131 5
5760 5
18400 5
26 5
9572 5
9572 5
2141 5
4 5
34 5
113 5
141092 4
42335 5
66935 5
66935 5
195572 3
19 5
195666 3
150889 5
19 5
101 5
784 5
42274 5
784 5
13923 5
1388 5
1038 6
147739 5
760 5
113862 5
760 5
28342 6
760 5
8318 5
147 6
137961 5
5760 5
11 5
11 5
26 5
24 5
1768 6
9628 5
1038 6
3591 6
31208 5
20896 4
195471 6603
14 5
2141 5
11 5
1038 6
142104 5
27399 5
124 5
28342 6
88 5
124 5
1 5
11 5
53211 6
1 5
195684 3
106458 5
163 4
33040 18
42 5
15731 5
134984 4
11 5
6774 6
9628 5
6437 6
3226 5
3591 6
1908 5
177176 5
12 5
784 5
4 5
74585 5
57 5
12 5
1038 6
74585 5
20919 5
72226 5
20919 5
100224 5
195609 3
5760 5
1046 5
195525 11901
1046 5
14 5
129561 5
19922 12
47 6
3482 5
169758 5
42 5
898 5
2568 5
898 5
3591 6
3591 6
3591 6
2131 5
150168 5
3591 6
165317 5
62046 5
3591 6
62046 5
19922 12
67042 6
3482 5
3591 6
34634 5
13097 5
13097 5
10650 5
88826 5
195582 3
1038 6
34922 5
88826 5
306 5
124 5
214 5
76494 4
343 5
53345 5
3226 5
124 5
3226 5
68 5
898 5
144649 5
898 5
195564 3
343 5
82 5
180445 5
179 5
1038 6
214 5
85475 5
75361 6
124 5
75361 6
31052 5
27399 5
67042 6
31052 5
195494 1114
898 5
16129 8
179 5
37202 6
179 5
179 5
179 5
37 4
172361 5
179 5
34634 5
56 5
38 5
88145 5
3591 6
170001 6
20 5
195605 3
57781 5
256 6
94537 6
93139 9
64520 5
4910 6
171531 5
28567 5
6 5
1046 5
306 5
1048 5
1474 4
486 4
164552 5
71096 5
2141 5
102819 6
306 5
1048 5
1048 5
1038 6
9615 6
195418 3491
11325 5
0 5
486 4
11325 5
134402 5
195563 3
256 6
1502 4
2151 5
15 6
2131 5
559 4
524 5
105626 5
94537 6
736 5
4910 6
524 5
1046 5
172533 5
3590 5
34893 5
99835 5
4910 6
1046 5
524 5
587 5
195418 3491
195707 3
559 4
90654 5
524 5
524 5
6016 5
587 5
524 5
38938 5
6 5
22 6
2151 5
9615 6
22 6
9 4
12369 4
11325 5
190774 6
12369 4
107 5
4839 5
49493 294
49493 294
147763 5
96204 5
15815 5
96204 5
159889 5
0 5
49666 5
200002 3
2 5
107 5
195501 5431
587 5
15815 5
15815 5
1502 4
35621 5
42335 5
64663 5
129 4
164548 5
2131 5
6 5
1502 4
12369 4
73941 4
378 5
15 6
4910 6
12 5
8318 5
2 5
12 5
83688 5
16968 5
2 5
246 5
378 5
147 6
246 5
27904 5
21959 5
1768 6
55105 5
147 6
147 6
67493 6
67493 6
119132 5
13895 5
6016 5
1465 5
1 5
147 6
64520 5
58782 5
153887 5
220 5
195808 3
83359 6
90654 5
83359 6
13895 5
120716 5
203332 3
53345 5
73941 4
13895 5
22 6
195544 3290
126923 5
62 6
25306 5
62 6
27904 5
3 6
1465 5
1465 5
10541 5
5 5
6 5
6 5
6 5
2 5
119881 6
35621 5
5 5
79556 6
5 5
147 6
6 5
75197 5
58101 5
195570 3
150404 17
16494 5
252 5
306 5
306 5
68530 5
306 5
62 6
252 5
2 5
81 5
16494 5
195564 3
81 5
62 6
18 6
39 6
147 6
147 6
81 5
18 6
39 6
9628 5
49052 5
5 5
195563 3
202051 3
6 5
463 5
195486 1228
174042 5
42569 6
48686 5
1124 6
20 5
95310 5
587 5
129 4
195761 3
94490 5
12369 4
40280 5
68530 5
127617 5
195564 3
50842 5
50842 5
169047 5
49052 5
140583 5
463 5
170776 5
55105 5
20 5
49759 4
134954 4
158 5
6 5
196512 3
37 4
129 4
81615 5
96221 6
181891 5
1768 6
60583 5
16494 5
111 4
76494 4
12369 4
46281 4
60773 5
60773 5
46281 4
252 5
107 5
107 5
131562 5
6939 6
40280 5
28567 5
195620 3
147 6
3658 4
15103 5
111 4
195401 3896
7237 5
2362 5
667 5
712 7
15103 5
67215 5
75197 5
137645 5
67215 5
306 5
53540 4
2362 5
53540 4
2746 9
15103 5
1096 6
94490 5
7 4
13 5
20 5
20 5
1502 4
195609 3
100246 5
1502 4
1502 4
195401 3896
1502 4
52168 5
107202 6
4 5
37 4
4 5
82826 6
252 5
131766 6
76 5
76 5
69975 5
19 5
7 4
76 5
69483 5
155915 5
1502 4
69104 5
187848 5
196924 3
21959 5
195401 3896
195435 1555
3658 4
5116 5
7 4
1096 6
41 5
16988 5
48686 5
123803 6
146 6
37 4
252 5
62 6
135444 4
153695 6
716 5
44167 5
174556 5
121406 5
524 5
144211 5
76 5
69104 5
52815 5
195401 3896
143080 5
52207 6
82131 6
161580 5
171165 5
52815 5
70318 6
4879 5
41 5
52207 6
81615 5
57 5
267 5
716 5
28463 38
25505 6
104 5
6 5
4 5
92996 4
85552 5
50132 6
118570 5
25505 6
195477 7655
92996 4
154862 5
1768 6
166061 5
267 5
1654 4
4 5
4879 5
148833 5
267 5
4 5
86039 5
31 5
267 5
267 5
97 5
29433 5
82131 6
267 5
2131 5
119488 5
71976 85
567 6
267 5
41 5
16968 5
267 5
87000 6
5 5
26094 4
97 5
146 6
94778 5
536 5
24 5
87000 6
166704 5
131078 5
86039 5
0 5
58782 5
16968 5
191048 5
4925 5
0 5
3953 5
134554 5
24 5
4453 5
83688 5
67747 6
195555 8678
107 5
8402 5
8402 5
67747 6
4879 5
88136 5
26918 5
246 5
107 5
567 6
524 5
5116 5
246 5
1250 4
1133 5
39494 4
88136 5
104 5
567 6
104 5
45974 5
137300 5
25306 5
94778 5
26094 4
13 5
29433 5
222 6
72345 5
72345 5
60583 5
107 5
107 5
5530 5
5530 5
1736 4
5116 5
5508 6
32137 5
2059 5
93535 6
125194 5
67467 6
39494 4
80712 4
67467 6
4453 5
36870 5
222 6
2459 50
36870 5
40795 11
5508 6
195514 5032
378 5
51712 5
93535 6
167134 5
95013 5
110386 8
95013 5
198319 3
378 5
99010 5
2459 50
5002 5
5002 5
101608 6
40795 11
148825 5
154853 5
58400 4
8402 5
5002 5
51712 5
80 4
49759 4
222 6
13895 5
4 5
20193 15
1133 5
6232 4
222 6
24 5
4891 5
104234 5
5508 6
58400 4
20193 15
198155 3
41 5
41 5
1866 6
2459 50
1866 6
53614 6
53614 6
8692 5
843 3
1135 5
1866 6
112327 9
1365 5
51577 5
2697 5
142167 5
10046 5
195453 5870
68 5
4453 5
19995 5
5530 5
154421 5
2459 50
85002 9
80712 4
108 5
524 5
4879 5
378 5
6 5
112012 6
140 5
1736 4
90251 5
77874 5
1866 6
90251 5
3997 5
50132 6
1736 4
3070 5
2 5
16494 5
124871 5
95310 5
10026 5
93481 5
1250 4
193289 5
15485 5
139636 5
195883 3
1866 6
5530 5
70318 6
823 4
823 4
146 6
46601 4
195560 11408
3070 5
3070 5
46601 4
137964 5
823 4
120880 5
258 5
6939 6
823 4
7695 5
57 5
1866 6
16546 5
4891 5
202148 3
46131 4
82826 6
93481 5
87756 6
88272 5
33410 5
86514 5
24 5
2362 5
2362 5
4891 5
46131 4
712 7
4891 5
2746 9
6 5
111 4
57 5
1866 6
10 5
511 5
181225 6
146 6
152248 18
57 5
1866 6
69975 5
3 6
87756 6
100171 5
3 6
1166 7
46734 5
24334 4
46734 5
57 5
189275 4
20 5
80 4
2362 5
2362 5
53 5
511 5
605 6
108 5
195549 2310
92862 5
71414 5
71414 5
1166 7
1166 7
1166 7
177430 5
92862 5
200642 3
73200 6
10 5
1502 4
197969 3
185119 5
24 5
203405 3
378 5
1 5
125676 6
79140 5
57 5
9204 5
79140 5
26 5
716 5
1688 6
24 5
10 5
24 5
2362 5
2386 6
11 5
86514 5
53 5
53 5
67212 5
119156 6
1 5
7695 5
605 6
1412 5
24334 4
7695 5
61823 4
10 5
66653 5
2131 5
61823 4
1365 5
85552 5
21469 4
18 6
88272 5
716 5
195650 3
65 4
83570 5
153 5
716 5
195496 11802
50865 4
201016 3
62629 4
105045 7
192952 5
5530 5
8402 5
53 5
3788 17
34656 6
3788 17
62629 4
267 5
1632 6
10026 5
21469 4
22515 4
51831 4
267 5
26918 5
2459 50
194334 5
4925 5
31 5
10026 5
605 6
1632 6
605 6
77922 5
1412 5
46032 5
2059 5
3788 17
1412 5
2319 5
7 4
75946 4
2059 5
101126 14
634 8
1632 6
2059 5
30523 6
5116 5
30523 6
104599 5
15 6
46032 5
11518 5
98850 6
35 5
24 5
634 8
4925 5
4925 5
36413 5
53 5
605 6
195469 14022
843 3
267 5
1386 4
131214 5
20577 5
65 4
15298 4
2059 5
96386 5
5 5
197435 3
712 7
1 5
2386 6
20577 5
62909 4
224 4
10026 5
9487 4
2319 5
78982 5
511 5
194369 5
187039 10
10046 5
511 5
103475 5
1135 5
30 5
30 5
8692 5
511 5
6357 8
172335 6
3741 5
465 4
30 5
104 5
30 5
33568 5
15298 4
33568 5
70415 6
4891 5
21 5
96386 5
70415 6
119035 5
465 4
195475 7684
30 5
186938 5
71834 5
132178 5
0 5
157 5
30 5
157 5
28 5
157 5
55656 5
267 5
195776 3
39579 6
51478 5
105555 15
1736 4
267 5
10125 5
0 5
0 5
7695 5
200853 3
106 5
182660 6
3741 5
823 4
30 5
1354 5
37883 6
128199 5
3741 5
142806 6
3741 5
884 6
1632 6
3741 5
1354 5
202761 3
126516 5
1354 5
9399 8
9399 8
16546 5
16546 5
258 5
142619 8
258 5
68977 7
128 5
2 5
5652 5
68977 7
195492 11409
8 5
195609 3
949 5
1976 5
1632 6
46289 52
128 5
68598 5
8 5
15 6
80940 5
21 5
128 5
4667 5
15 6
128 5
128 5
8 5
1135 5
8507 5
949 5
149631 5
2362 5
111704 5
2 5
1354 5
89290 5
843 3
71 6
26596 240
57 5
51148 5
26596 240
26 5
209 5
51478 5
1365 5
26 5
66653 5
843 3
89290 5
68598 5
1354 5
188579 5
8692 5
704 5
139168 5
48 5
2033 5
2033 5
1365 5
1365 5
118089 5
195416 1689
8692 5
8692 5
46289 52
70925 5
160098 5
155734 6
51148 5
30865 5
291 6
77895 5
203559 3
1386 4
3788 17
8507 5
190024 5
14955 5
14955 5
70925 5
465 4
115 5
8507 5
8507 5
156674 5
8507 5
1354 5
78982 5
77922 5
39579 6
224 4
125211 5
50865 4
1081 5
195416 1689
88468 5
187197 6
15973 4
137194 5
704 5
5116 5
257 6
5231 5
8692 5
6348 5
2131 5
9157 5
63260 5
20627 5
634 8
193108 6
5231 5
6348 5
1081 5
669 5
122952 5
3788 17
49136 5
181707 5
30865 5
195439 995
37610 4
91697 5
9157 5
86772 4
16964 5
30 5
15727 5
86772 4
185397 5
19109 5
9154 6
159748 4
195621 3
159956 6
257 6
7695 5
1081 5
7695 5
7695 5
1081 5
291 6
11518 5
21 5
1135 5
191039 5
15727 5
62909 4
75946 4
5231 5
11518 5
55449 5
511 5
39811 4
150789 6
43475 5
6 5
634 8
511 5
36413 5
949 5
51511 5
15727 5
669 5
196974 3
8290 5
3 6
3 6
195424 15695
65449 5
11518 5
5231 5
10026 5
9154 6
15727 5
5231 5
88468 5
1976 5
9154 6
11453 5
11453 5
465 4
3 6
106619 4
43475 5
197000 3
37 4
65449 5
53 5
1846 6
11886 5
14955 5
15973 4
195424 15695
11 5
14955 5
11 5
11 5
11 5
71 6
2459 50
21 5
21 5
5231 5
2033 5
94462 5
48051 5
94822 5
49136 5
63260 5
11 5
20 5
1326 6
11886 5
20 5
107311 5
39811 4
18189 5
94822 5
20 5
2386 6
106 5
195488 3730
2319 5
176167 6
93025 5
57855 5
80940 5
57855 5
1286 8
11 5
1286 8
63480 4
11 5
11 5
4037 6
12744 5
2319 5
15298 4
28646 6
3788 17
11 5
13159 4
3833 5
258 5
14 5
205814 3
51928 24
11 5
206 5
54190 5
45023 4
15298 4
267 5
3833 5
5841 5
7695 5
5841 5
18189 5
112634 5
15015 5
157 5
51 5
195387 2947
79996 5
111 4
10544 4
111 4
5440 5
64204 5
117863 6
37883 6
79996 5
30008 5
59724 5
112565 5
64517 5
203 5
203 5
64517 5
44504 8
54190 5
44504 8
127493 6
6894 5
17 5
59724 5
195387 2947
17 5
15015 5
138 5
64204 5
138 5
51 5
465 4
114579 6
5841 5
465 4
800 4
13789 5
63294 4
8621 13
7916 4
7916 4
8621 13
63294 4
4667 5
68209 5
2131 5
465 4
164466 5
134604 5
39357 6
4667 5
109 4
195387 2947
195540 9010
109 4
203 5
68209 5
13236 5
4667 5
8621 13
321 5
5841 5
667 5
6853 5
62480 6
115 5
115 5
13696 5
81942 5
146 6
69106 6
171 5
171 5
171 5
195632 3
1135 5
171 5
195387 2947
37 4
34025 6
8507 5
171 5
12744 5
2993 5
51310 5
2993 5
220 5
412 6
48051 5
13159 4
44932 5
28105 5
8 5
61599 5
63480 4
61599 5
13696 5
12744 5
8 5
101388 5
72425 28
157490 6
1644 5
8 5
91697 5
465 4
321 5
60 5
388 5
195387 2947
195478 10613
206 5
206 5
2218 5
0 5
149251 4
169789 5
1234 6
44932 5
5 5
8 5
68222 5
51055 5
51055 5
267 5
124867 5
3789 5
27218 5
62480 6
5 5
9390 5
116041 5
13696 5
3789 5
109 4
267 5
16081 5
8 5
195387 2947
11 5
10395 14
169411 6
86391 5
22062 5
66969 5
106 5
47886 5
173 5
22062 5
167420 5
313 6
4 5
13490 5
412 6
47886 5
121030 5
313 6
13490 5
191560 5
3789 5
117836 5
26 5
26 5
293 5
69106 6
112423 4
195551 10498
195387 2947
45023 4
293 5
412 6
4 5
28105 5
206 5
321 5
12744 5
9154 6
173997 5
229 4
113158 4
368 5
194237 5
368 5
3569 5
206 5
217 5
388 5
5231 5
93401 5
59226 5
11453 5
175376 5
81942 5
9154 6
3266 5
536 5
195387 2947
42674 5
412 6
2898 4
146 6
412 6
42674 5
536 5
86391 5
120843 5
27218 5
2993 5
179459 5
388 5
59226 5
110325 5
2993 5
173 5
5231 5
93401 5
1251 6
146 6
150618 5
6391 5
62822 6
6391 5
37 4
25 6
2108 6
2993 5
195504 2396
195387 2947
173766 5
173 5
5366 30
2993 5
800 4
195678 3
3833 5
25 6
25 6
2108 6
173 5
652 6
388 5
388 5
13 5
21 5
169283 4
10395 14
150568 6
123016 5
126203 5
76839 5
140694 5
391 4
195912 3
195387 2947
391 4
391 4
293 5
61 6
173368 5
157172 7
199748 3
82198 5
115125 5
13 5
173 5
85 5
121 5
121 5
15 6
355 6
10395 14
28646 6
355 6
195497 719
195387 2947
181 5
9587 6
13696 5
14 5
62822 6
57435 8
52218 6
173040 5
175389 4
9154 6
388 5
51310 5
196823 3
31959 5
14 5
50954 6
143949 6
181 5
181 5
6 5
258 5
4907 6
229 4
229 4
27 5
106 5
195387 2947
10395 14
10395 14
258 5
2131 5
6 5
55174 6
37796 6
354 5
106 5
9 4
138 5
83873 6
143 5
5355 6
55174 6
166682 6
146638 5
1044 5
1044 5
13789 5
43432 5
120401 4
506 6
15 6
15 6
423 5
9 4
292 5
39357 6
5355 6
181 5
13159 4
72642 22
292 5
203 5
195405 4036
195387 2947
5841 5
97466 5
2108 6
44831 5
29237 5
125787 5
143442 5
49477 5
67994 5
220 5
120367 5
322 5
3 6
2001 6
2001 6
1324 5
1044 5
6 5
14831 4
208 5
147528 5
391 4
227 5
391 4
20149 6
143 5
15 6
15 6
52218 6
195405 4036
195387 2947
181 5
144772 4
181 5
258 5
93923 5
92 4
391 4
125217 5
14 5
391 4
12 5
9470 6
10328 6
184761 5
173 5
10328 6
76839 5
143 5
22 6
97466 5
197 6
536 5
2400 5
220 5
4 5
195405 4036
195553 9214
195387 2947
44 5
16081 5
2400 5
2400 5
125122 5
195841 3
16081 5
43006 5
41297 5
41297 5
5355 6
101 5
117348 5
25119 6
139668 4
113616 5
17088 5
177238 6
195321 6
3833 5
17088 5
195405 4036
195387 2947
12 5
173442 4
104451 5
188660 4
45 5
85 5
13918 5
54 6
13918 5
45 5
48 5
146026 5
12 5
16081 5
116 6
5446 6
227 5
158 5
143 5
1324 5
9542 5
31959 5
10328 6
195526 3472
195387 2947
22 6
5446 6
10415 5
536 5
158 5
43432 5
46 5
416 4
9702 5
46 5
9702 5
45 5
1428 5
416 4
6 5
6 5
59335 4
158 5
56905 5
94 6
149318 5
7825 5
9542 5
59335 4
292 5
19438 5
7825 5
158840 4
27579 5
354 5
6391 5
99570 5
5071 6
598 5
15 6
10415 5
15 6
1698 5
98628 6
9258 6
524 5
598 5
940 5
6 5
22 6
177890 5
106849 5
180195 5
67994 5
195542 4175
65801 5
6391 5
10961 5
21 5
0 5
82198 5
15 6
227 5
227 5
229 4
843 3
5071 6
116 6
74226 5
31 5
9587 6
1161 4
21 5
1161 4
22 6
1627 5
1692 6
26 5
22 6
181 5
52028 5
195697 3
29 6
26 5
127549 5
26 5
1161 4
47172 4
109674 5
293 5
1428 5
16959 5
121131 4
5071 6
119984 6
1161 4
1692 6
105190 5
159913 5
81468 5
90226 5
39255 4
195518 5527
166859 5
147642 5
593 5
102 5
1783 5
13559 5
45 5
555 4
524 5
9542 5
9542 5
45 5
506 6
555 4
72642 22
195032 4
29237 5
14864 5
181 5
9 4
1259 6
52028 5
843 3
1338 5
4951 5
3928 5
220 5
1698 5
92063 5
92063 5
190751 5
461 5
14864 5
229 4
195581 3
46540 5
524 5
28 5
5583 6
58805 6
58805 6
61 6
195563 3
92635 4
74226 5
44183 11
103643 5
44183 11
9 4
9 4
843 3
5071 6
149169 6
3242 5
195548 16083
181 5
48660 5
7324 5
3793 5
247 5
3242 5
131355 6
54716 5
110209 5
43430 4
64855 23
48660 5
43430 4
593 5
247 5
45884 5
7324 5
31043 6
200512 3
85 5
93923 5
83820 4
3242 5
247 5
61 6
25119 6
88452 6
64855 23
11439 5
14864 5
147703 5
10961 5
45884 5
2142 5
120333 5
11 5
1627 5
16959 5
54716 5
21 5
197 6
67857 5
21 5
39417 5
94597 5
2052 5
8058 4
9542 5
152844 6
195456 9009
94597 5
172567 4
28441 5
28441 5
59690 30
40168 5
2052 5
67857 5
61 6
7034 6
181 5
49 5
2943 5
354 5
1783 5
38577 5
2142 5
5583 6
184050 6
15617 5
175796 5
28606 4
1783 5
7064 5
8058 4
2943 5
1698 5
5389 5
198297 3
220 5
195565 3
44168 6
39417 5
71382 5
1856 5
166788 5
40168 5
181306 5
1856 5
161814 5
67268 7
67268 7
8058 4
32914 5
24378 5
32914 5
10328 6
195408 14153
5446 6
5389 5
28606 4
46 5
3928 5
7064 5
64391 5
1338 5
2052 5
354 5
15 6
1856 5
89801 5
89801 5
26197 4
293 5
293 5
15902 5
157217 6
15902 5
354 5
6053 4
2648 5
7867 8
1011 5
12 5
64391 5
16959 5
198993 3
7825 5
1 5
194311 5
195408 14153
19438 5
74624 5
74624 5
7867 8
406 5
19438 5
14864 5
92495 4
70517 5
197 6
15902 5
192399 5
3040 5
293 5
195566 3
293 5
169227 5
45684 7
26197 4
5583 6
65951 5
16306 5
34656 6
16306 5
665 4
16306 5
195572 3
195408 14153
195554 3893
18 6
45684 7
58 5
5071 6
15146 5
142149 5
54241 5
54241 5
3 6
88452 6
5071 6
65801 5
49 5
938 5
15146 5
2165 5
49 5
15617 5
36 5
2241 5
82 5
2241 5
7 4
7 4
7 4
1783 5
5209 7
24350 5
195408 14153
2241 5
299 5
3193 5
3193 5
66580 5
142422 5
18 6
14346 5
70517 5
264 5
81757 5
41282 5
3193 5
1783 5
81223 6
75131 5
19574 5
75131 5
1011 5
1783 5
58 5
81757 5
5209 7
55791 5
15146 5
15146 5
18 6
10961 5
25623 5
195479 10004
2241 5
19574 5
69287 4
96124 6
15902 5
53 5
2241 5
19574 5
843 3
71382 5
42128 5
42128 5
342 4
69287 4
58 5
35540 5
95679 5
354 5
264 5
85234 5
46540 5
5755 6
37999 6
37999 6
43861 5
43861 5
342 4
36 5
5389 5
299 5
24350 5
195565 3
5 5
103 5
440 5
1783 5
9178 6
16306 5
25623 5
148341 5
191738 5
342 4
23916 6
2165 5
23916 6
17 5
181 5
555 4
555 4
5389 5
17 5
8 5
167030 5
195545 3462
196299 3
155 5
555 4
181 5
66631 6
5583 6
7320 5
127480 5
61563 6
5389 5
656 5
18891 28
656 5
197 6
154325 5
2395 5
593 5
20 5
47 6
555 4
264 5
264 5
195599 3
197 6
2167 6
6660 5
10998 4
195583 3
10998 4
19 5
195565 3
27721 5
6660 5
13058 6
41951 5
27721 5
24368 6
144869 5
1068 5
41951 5
45952 6
2165 5
45952 6
12273 5
2165 5
247 5
21 5
2167 6
153354 5
195580 3
75 5
160950 4
2165 5
195534 13588
38731 5
7064 5
1068 5
47 6
7064 5
48349 11
5209 7
264 5
82 5
18913 5
49 5
160084 4
6660 5
20 5
20 5
30957 5
69680 5
143854 4
18913 5
69680 5
6660 5
58 5
183843 5
3928 5
30957 5
36 5
96534 6
180036 5
264 5
4419 5
14 5
264 5
4419 5
179397 49
4419 5
6438 5
275 5
19808 4
3 6
88 5
275 5
264 5
123289 5
7320 5
47 6
122028 5
195565 3
195417 5725
90 5
3193 5
90 5
21 5
4154 6
5 5
5 5
8058 4
275 5
41282 5
45399 5
86839 4
7064 5
1384 6
3193 5
32 4
7629 5
5389 5
13473 5
195417 5725
96534 6
6997 4
247 5
976 5
7064 5
42269 5
29 6
65951 5
107449 5
61563 6
24761 4
275 5
3 6
29 6
97305 6
90 5
45399 5
24761 4
12273 5
42269 5
103 5
13617 6
26183 5
56515 5
1541 5
56515 5
30339 6
1069 179
976 5
195449 1565
90 5
26183 5
275 5
51098 4
6438 5
71 6
4154 6
96778 4
71 6
14 5
2054 5
102959 4
43092 6
1384 6
29318 5
14346 5
126838 5
275 5
111566 5
18123 6
4727 6
201299 3
4727 6
95679 5
14346 5
28 5
884 6
26823 34
14346 5
7783 5
1384 6
7783 5
29318 5
5548 6
1068 5
1069 179
66580 5
130868 5
884 6
142897 4
5470 5
525 5
196037 3
5470 5
5470 5
1 5
525 5
0 5
6438 5
5 5
525 5
39 6
49 5
141401 6
4154 6
0 5
195552 12582
4154 6
1034 5
96778 4
184752 9
113843 4
32 4
195889 3
23598 4
10961 5
55791 5
1069 179
39405 5
7320 5
150344 6
2911 5
8258 5
7 4
75 5
96414 6
299 5
28 5
525 5
6997 4
5243 6
28 5
1069 179
88 5
5502 5
96414 6
5502 5
5502 5
181473 5
525 5
2911 5
354 5
354 5
28876 5
7161 6
2 5
82 5
57 5
94505 6
82 5
192005 6
21 5
1069 179
125619 17
90560 6
88 5
10961 5
172583 5
94505 6
182746 5
7629 5
195537 1671
90028 6
141263 5
7629 5
195574 3
36045 5
45 5
132186 6
22713 5
181 5
99262 4
8258 5
8258 5
1123 36
133414 5
80632 5
172053 14
10106 5
1123 36
1682 6
8258 5
55115 5
24368 6
1093 5
36119 6
10106 5
67433 20
67433 20
8 5
158383 5
1384 6
187344 5
6 5
1384 6
84 5
84 5
67 5
10106 5
10106 5
84 5
105939 6
17089 6
110756 5
10106 5
4154 6
181 5
16249 5
178762 6
75911 4
195472 2901
4154 6
4154 6
4154 6
13058 6
133882 5
36119 6
275 5
75911 4
22713 5
195657 3
100095 5
165462 4
7161 6
57 5
8057 5
19530 12
6997 4
2054 5
2468 23
0 5
113 5
195567 3
1123 36
7629 5
19530 12
57 5
2802 5
16249 5
3928 5
41294 5
138742 6
70347 5
10106 5
90 5
10053 4
8720 5
197035 3
7058 5
113 5
113 5
7161 6
90 5
3928 5
58 5
23371 6
1123 36
7161 6
7058 5
113 5
153435 5
159330 5
21 5
7058 5
542 5
17089 6
5502 5
115368 5
195503 10368
7058 5
26823 34
7161 6
1384 6
63971 5
163122 8
7629 5
7629 5
7629 5
2054 5
5389 5
63971 5
542 5
11633 6
7 4
6 5
160024 11
7058 5
6997 4
202932 3
70347 5
53 5
53 5
190945 6
773 4
2054 5
53 5
21 5
40862 5
17404 5
181563 5
88 5
7058 5
17404 5
93811 6
92276 5
90 5
205158 3
11 5
7058 5
160 5
104219 6
11 5
247 5
68766 4
13058 6
144690 4
416 4
47820 5
195480 10813
84297 6
68766 4
11 5
9 4
43092 6
38258 3
47820 5
12998 6
17404 5
5243 6
17089 6
48 5
40862 5
30339 6
82 5
58960 5
38258 3
776 6
11761 6
58960 5
1068 5
1068 5
20824 6
9 4
9 4
20824 6
11633 6
7058 5
46229 5
203077 3
201182 3
53 5
89217 5
14540 5
94757 5
82 5
24 5
46229 5
24 5
458 5
976 5
88 5
976 5
2468 23
976 5
4727 6
173901 5
24704 5
140948 5
9 4
24 5
23 6
52 5
23 6
195396 303
12998 6
82 5
8057 5
1541 5
17012 5
126795 6
17012 5
2189 5
150244 5
8057 5
1541 5
21 5
92850 5
24704 5
1541 5
777 14
72066 5
45393 5
92850 5
45393 5
72066 5
181 5
13058 6
601 5
2468 23
39 6
181 5
195396 303
10 5
10 5
976 5
66791 5
2189 5
82 5
8720 5
122109 5
82663 5
29 6
154612 5
107600 5
29 6
34959 6
33326 5
4944 6
2911 5
8720 5
4944 6
111997 5
52 5
5 5
173327 5
27 5
160 5
195396 303
195533 2351
132757 4
205855 3
2189 5
160 5
117044 5
128490 5
27 5
2911 5
248 5
75 5
153535 5
128147 5
5 5
23598 4
125820 5
75 5
177502 5
5 5
777 14
458 5
1069 179
5883 5
165611 6
195564 3
976 5
195396 303
34959 6
11761 6
458 5
84676 5
248 5
113761 5
5877 6
82 5
525 5
38263 6
777 14
7629 5
1541 5
31031 5
31031 5
161698 5
4100 4
170053 5
38380 5
5877 6
14540 5
93811 6
14540 5
15798 5
14540 5
204 5
77523 5
299 5
859 5
976 5
195396 303
195443 16976
5877 6
859 5
25731 7
275 5
94559 4
248 5
172914 12
48099 4
75 5
204 5
195642 3
1069 179
200356 3
84297 6
16249 5
94559 4
52 5
21 5
52 5
403 4
45 5
1069 179
87529 5
45 5
2804 4
204850 3
3058 4
5243 6
25731 7
403 4
80632 5
7 4
5243 6
195396 303
1 5
7 4
7 4
7 4
299 5
191221 5
83593 6
79063 13
1384 6
7161 6
10 5
131932 4
45 5
125167 6
5 5
1069 179
13 5
16503 5
7161 6
67 5
204 5
1069 179
110983 5
3868 6
195409 4069
3868 6
4914 5
0 5
10053 4
83593 6
1 5
3928 5
77523 5
133207 18
16503 5
84 5
124 5
87529 5
1419 4
101898 5
29 6
22303 4
177403 5
22303 4
69080 4
488 5
34322 4
86536 5
69080 4
399 5
0 5
1384 6
0 5
1384 6
195409 4069
2 5
51 5
1123 36
330 5
3 6
1384 6
132439 5
2936 5
78599 6
78599 6
204 5
13837 5
29 6
90576 5
2804 4
92276 5
52997 5
135380 6
8057 5
63133 5
63133 5
3191 6
38380 5
191913 93
859 5
1507 5
884 6
85323 4
29 6
195498 9830
5877 6
63210 6
172635 5
130876 5
63210 6
3073 5
51 5
26388 5
2468 23
976 5
66606 5
2839 5
14213 5
29 6
94096 5
50 5
21034 5
75226 5
6 5
73 4
8057 5
82 5
145529 4
38263 6
53 5
4078 5
101543 5
132 5
50 5
8057 5
1384 6
6 5
41263 4
94621 5
185177 5
9 4
94621 5
81744 21
81744 21
51 5
12171 5
9 4
94096 5
21034 5
58065 44
8426 4
8057 5
90576 5
50 5
61921 5
189673 4
136813 5
2468 23
248 5
51 5
50 5
193552 5
195491 15209
2 5
248 5
8426 4
140836 26
14213 5
53 5
1384 6
135437 4
26388 5
7504 5
39 6
1384 6
39 6
4914 5
1496 5
9981 5
76781 6
27 5
103371 4
61511 5
84 5
26 5
110516 5
114 6
160 5
43311 7
13795 5
43311 7
3073 5
3 6
114 6
53499 5
5877 6
11761 6
4868 4
84676 5
5071 6
28 5
4914 5
43449 5
187566 4
12171 5
60819 5
156932 5
141 5
9981 5
1496 5
195423 12440
14 5
61921 5
128289 6
75226 5
181568 5
92775 6
4914 5
345 6
61511 5
5648 5
52997 5
4100 4
6 5
330 5
13795 5
13795 5
5 5
25134 4
58065 44
145549 6
5 5
43449 5
5 5
195423 12440
11809 6
66606 5
4940 5
13837 5
108216 4
14 5
29 6
11809 6
308 4
156253 6
308 4
403 4
782 5
782 5
22 6
22 6
2839 5
34322 4
197257 3
777 14
49648 5
4693 6
201079 3
782 5
28 5
195452 10629
28 5
5 5
157561 5
3928 5
299 5
169444 4
5243 6
182695 4
125 6
73466 5
511 5
16503 5
16503 5
30 5
30 5
195734 3
30 5
30 5
185554 4
73466 5
2088 5
92877 5
28 5
30 5
92877 5
113005 4
18 6
73 4
73 4
14 5
18 6
164195 5
2849 5
41067 5
2088 5
125 6
7504 5
299 5
2088 5
330 5
330 5
56395 5
35268 5
483 4
35268 5
10 5
195581 3
787 4
12526 5
787 4
511 5
52691 9
782 5
1614 5
2468 23
195489 921
52691 9
7504 5
45 5
483 4
347 4
5648 5
511 5
14178 4
27259 5
431 5
195564 3
1686 5
14178 4
14178 4
94624 5
787 4
136856 5
7504 5
1686 5
64349 6
1419 4
2936 5
787 4
1419 4
3601 5
8426 4
399 5
94624 5
45329 5
190317 5
330 5
8288 11
14 5
431 5
160 5
1616 5
144282 5
8288 11
1 5
72 5
97049 6
205428 3
976 5
45329 5
75069 6
39 6
195403 15343
1616 5
146222 5
976 5
84699 5
4914 5
929 5
11129 5
85323 4
1 5
929 5
10 5
39 6
39 6
976 5
81205 9
25029 5
0 5
51 5
2088 5
25029 5
81205 9
777 14
118 5
41263 4
9981 5
175992 6
7 4
691 6
36062 5
14400 4
10 5
36062 5
195403 15343
299 5
1614 5
396 5
41067 5
7159 5
5648 5
26 5
64625 5
9981 5
7159 5
182794 5
58409 5
27 5
56717 5
9981 5
154569 5
14400 4
64349 6
132424 5
195741 3
52811 5
60980 4
691 6
26 5
26 5
186193 11
48 5
195403 15343
195510 2677
15 6
149 5
82 5
194 5
89268 5
299 5
11129 5
47412 5
4693 6
112040 5
79701 5
5604 5
195792 3
121559 3
60819 5
399 5
60811 4
102967 5
60811 4
141 5
5604 5
101967 5
68875 4
13795 5
1129 5
4518 8
15 6
92775 6
399 5
4914 5
2088 5
2088 5
195403 15343
43663 5
195922 3
42488 6
399 5
1598 5
2 5
52976 4
195685 3
6 5
1598 5
29 6
68875 4
195427 1101
52449 5
4693 6
15 6
308 4
308 4
180699 4
308 4
52449 5
399 5
2 5
4545 5
36937 6
1686 5
483 4
85628 5
85628 5
823 4
1335 5
155 5
195563 3
4657 5
89268 5
347 4
3928 5
15279 4
5243 6
10254 5
131432 6
15279 4
347 4
155550 5
483 4
6479 5
3928 5
195427 1101
2 5
196034 3
15279 4
69545 5
209 5
14178 4
209 5
4693 6
195565 3
4135 5
98608 5
8557 6
209 5
80943 11
81 5
81 5
33 6
38833 5
30402 6
38170 5
2 5
195400 15163
2 5
8557 6
85 5
2120 6
195567 3
9 4
36937 6
9 4
6403 5
39 6
4090 5
24 5
28534 4
144072 5
27 5
141211 5
299 5
85 5
9 4
5282 6
4 5
94222 5
5243 6
299 5
6 5
5243 6
93175 5
4 5
195400 15163
5282 6
83741 5
28 5
2 5
10174 5
30402 6
10174 5
327 6
31746 8
93765 4
116769 11
93765 4
31746 8
777 14
122893 6
23766 5
83741 5
195563 3
43186 5
61 6
61 6
186969 5
10174 5
13832 5
43663 5
195400 15163
195541 10980
13832 5
179140 5
83144 5
13538 5
8412 5
83144 5
71871 5
182112 5
257 6
2705 5
121 5
8412 5
8557 6
53284 5
33890 5
3910 5
152183 6
149844 5
3877 5
3910 5
195400 15163
130544 6
161663 5
195563 3
704 5
972 5
121 5
23766 5
12353 5
35972 4
8412 5
59 5
198025 3
40354 5
6403 5
1196 4
396 5
17130 5
12353 5
148661 5
5 5
6403 5
4090 5
69545 5
4518 8
1196 4
26635 5
2120 6
195515 13284
38048 5
116742 4
256 6
1196 4
3877 5
38170 5
6958 5
53788 6
115287 5
1046 5
94222 5
8412 5
202910 3
53284 5
64806 5
141935 5
90104 5
4090 5
58409 5
1046 5
28534 4
33890 5
38833 5
9981 5
972 5
14400 4
726 5
726 5
184706 5
26635 5
8412 5
8412 5
63812 5
58100 5
4657 5
59 5
26 5
1598 5
94887 4
195546 4667
4518 8
94887 4
149573 4
69590 5
59 5
64626 5
6403 5
59 5
46 5
1020 5
63812 5
7159 5
7109 4
46 5
148010 6
327 6
109009 6
7109 4
112041 5
54647 5
59 5
186468 5
327 6
104241 5
5604 5
2088 5
26 5
614 5
51 5
94178 5
11129 5
70917 6
12353 5
46500 6
5604 5
11129 5
5604 5
26 5
19 5
12353 5
5604 5
9508 5
12353 5
6964 5
72063 5
181082 6
5604 5
69590 5
1516 5
195511 193
11129 5
657 5
65 4
169950 5
201628 3
65 4
14396 5
5604 5
5604 5
65 4
51 5
65489 6
9848 5
105903 6
72063 5
43186 5
2088 5
2088 5
181407 5
3877 5
165740 5
2088 5
399 5
14396 5
61969 5
31598 5
1 5
4090 5
4090 5
1335 5
46203 5
1046 5
32897 5
36346 5
32897 5
65489 6
1046 5
75709 5
1 5
1447 6
39 6
69699 6
108584 5
14396 5
5604 5
73 4
1686 5
69699 6
7109 4
1686 5
7109 4
195772 3
195495 2340
24 5
1046 5
1447 6
198183 3
3910 5
25440 5
110825 5
3910 5
1516 5
141864 5
599 6
351 5
0 5
122436 5
46203 5
38048 5
99064 5
1335 5
190154 4
5225 5
61 6
2000 4
483 4
18909 5
4813 5
14396 5
209 5
4813 5
1335 5
104854 5
51 5
13538 5
5 5
51 5
777 14
483 4
174363 5
24 5
2 5
2 5
726 5
599 6
2000 4
483 4
75709 5
25440 5
726 5
138031 5
61 6
1230 5
1230 5
2005 5
17130 5
4090 5
335 5
335 5
195531 7260
117659 4
2005 5
1335 5
134 5
209 5
180178 5
124426 5
31598 5
777 14
777 14
54 6
75259 5
54 6
75259 5
1516 5
777 14
1335 5
1516 5
1516 5
195620 3
53383 6
396 5
173379 5
9 4
399 5
9730 4
53383 6
18587 5
299 5
299 5
54 6
70917 6
2088 5
53788 6
10 5
2088 5
399 5
2088 5
52 5
112158 6
136324 6
180463 5
104944 5
195481 99
27201 5
1820 6
257 6
3 6
17 5
79 5
46 5
257 6
2005 5
9 4
52 5
18587 5
195670 3
2243 5
142291 35
6516 4
98402 6
94178 5
1901 6
52 5
113 5
155 5
396 5
10261 4
195571 3
149033 5
10 5
1 5
8557 6
46500 6
1896 7
1516 5
8412 5
42899 5
48 5
39979 4
70385 5
154767 5
1901 6
139 5
17130 5
545 5
39979 4
257 6
28729 5
28729 5
187661 6
8557 6
76692 5
40 5
195442 202
40 5
43079 5
16905 4
195570 3
43079 5
6958 5
106739 5
704 5
10396 5
34871 5
87328 5
62195 5
939 4
41 5
34871 5
1896 7
545 5
9848 5
10396 5
6958 5
696 13
545 5
131 5
646 6
194665 5
77220 6
81494 5
3 6
545 5
1896 7
257 6
81494 5
224 4
34011 5
36346 5
34011 5
59 5
185 4
195664 3
16905 4
305 5
195561 11888
58100 5
45003 5
14 5
104395 4
162723 7
34393 5
704 5
169791 5
399 5
67169 16
368 5
77163 5
73024 5
646 6
89649 5
646 6
195655 3
704 5
20348 5
102621 4
545 5
144950 5
195564 3
704 5
6964 5
9508 5
2243 5
22 6
20348 5
3877 5
118933 67
2589 5
704 5
70385 5
4116 5
704 5
73024 5
2651 5
1820 6
130 5
2243 5
258 5
203988 3
14 5
1158 5
31609 5
7109 4
704 5
5558 5
4090 5
2651 5
396 5
64711 6
162109 5
2243 5
560 5
60425 6
195516 1545
105968 5
105608 6
13761 5
48 5
606 5
135162 5
79 5
79 5
79 5
251 5
136538 6
60425 6
31609 5
251 5
4090 5
10 5
2989 5
4268 5
185 4
2297 5
185 4
12790 6
189676 4
12790 6
12790 6
706 5
195386 687166
704 5
67169 16
2589 5
2589 5
606 5
5619 4
4268 5
5806 6
7 4
5619 4
41 5
2383 5
396 5
200 6
0 5
2989 5
684 5
449 5
59257 5
74171 5
28242 4
195712 3
1230 5
195454 4166
59257 5
20387 5
41 5
110666 4
79 5
202704 3
257 6
51971 5
89335 5
51971 5
2989 5
299 5
1717 4
28242 4
2243 5
185 4
185 4
34393 5
5619 4
180429 5
185 4
65410 5
20387 5
7109 4
48 5
299 5
20 5
229 4
79218 5
229 4
12194 5
89335 5
79218 5
195747 3
76545 5
36077 5
102385 5
172707 5
20 5
299 5
8221 4
67 5
22 6
4105 5
40 5
4022 5
46404 17
5 5
17967 4
6 5
16794 4
1717 4
4105 5
195512 1298
36077 5
35 5
9724 4
4022 5
181097 5
17967 4
17967 4
80074 10
97841 5
46764 4
1901 6
59 5
9174 5
185 4
22532 6
113507 6
59 5
9724 4
99309 5
116505 5
81002 5
81002 5
52 5
77163 5
12194 5
52 5
137594 5
204075 3
12194 5
4618 5
0 5
9724 4
224 4
122503 4
12790 6
50015 5
88112 5
4022 5
200167 3
396 5
84402 5
87328 5
205868 3
396 5
34 5
94 6
7 4
399 5
399 5
195490 16948
61915 5
4022 5
2071 6
195052 4
46404 17
396 5
25 6
396 5
2071 6
50015 5
2071 6
2071 6
76840 4
183691 5
34 5
10396 5
224 4
5 5
61915 5
126 5
8221 4
8221 4
184730 5
154537 6
73528 5
273 6
273 6
178543 9
224 4
80074 10
126 5
273 6
65959 4
94 6
45003 5
4 5
13298 5
13298 5
61391 8
205702 3
5806 6
8295 5
152814 6
88112 5
162698 5
144308 4
5806 6
25808 5
25808 5
47 6
8295 5
195579 3
35 5
65959 4
13298 5
13298 5
35 5
195529 5341
35 5
35 5
8 5
684 5
684 5
7 4
25 6
2989 5
54435 4
196633 3
182842 5
1230 5
63275 5
67 5
4423 5
67 5
4983 5
99837 5
102180 5
4423 5
94869 5
98381 6
84178 6
84402 5
4423 5
77220 6
305 5
229 4
4423 5
4983 5
38106 5
86492 6
38106 5
31366 5
8 5
396 5
10948 5
8 5
2562 5
19446 5
3976 4
1605 8
545 5
1587 7
90004 5
6148 5
38738 6
2795 5
13761 5
13761 5
2562 5
47 6
1671 5
195389 10857
1364 5
1364 5
1 5
160597 5
3 6
3 6
11480 5
10396 5
1605 8
10396 5
4090 5
505 6
505 6
38738 6
4 5
97845 5
1605 8
1605 8
195389 10857
4 5
305 5
54326 5
162915 5
38862 6
31366 5
4105 5
305 5
68250 5
4105 5
21294 4
33144 5
185840 5
422 5
107951 4
47 6
2590 6
13761 5
165255 6
16871 6
59 5
4423 5
234 5
166860 4
47 6
195410 10050
195389 10857
38862 6
21294 4
4268 5
4268 5
33144 5
104651 5
9 4
54435 4
19446 5
150224 5
59 5
47 6
11480 5
566 6
19446 5
105157 5
71102 22
62870 6
11 5
422 5
395 5
4423 5
11 5
68250 5
200 6
11 5
4380 5
62870 6
2297 5
3730 5
195410 10050
195389 10857
257 6
9348 5
1697 5
11401 5
153642 5
4268 5
9723 5
144336 5
134787 6
9723 5
32264 5
422 5
9767 4
8295 5
3 6
52 5
4529 5
8295 5
4529 5
79 5
48313 43
22 6
176749 5
17580 5
4529 5
9767 4
2833 4
395 5
54326 5
4268 5
195530 205
195389 10857
146 6
6 5
4529 5
4380 5
49293 5
4529 5
5901 5
5901 5
1007 6
280 5
11401 5
71760 6
111 4
146 6
45541 6
6 5
6 5
4529 5
4529 5
4423 5
92 4
235 4
9 4
9 4
2562 5
73528 5
22532 6
1741 5
6178 4
1 5
4380 5
44233 5
124929 4
195389 10857
22 6
3170 5
5901 5
8295 5
191729 5
110982 6
104364 5
9881 5
3976 4
181386 5
4105 5
49293 5
4380 5
3170 5
22 6
280 5
118003 5
6 5
113770 6
195425 2006
195389 10857
6 5
16 5
1 5
31582 5
31582 5
162080 6
125960 5
94 6
94 6
1731 4
3976 4
16 5
505 6
71102 22
53 5
6641 5
34 5
34 5
6641 5
195425 2006
195389 10857
723 5
14365 4
4022 5
33987 5
96924 5
122881 5
40396 5
10668 5
16 5
6 5
133216 7
1671 5
56605 5
30490 52
22 6
9263 5
83391 4
33987 5
2989 5
190117 55
195538 7257
195389 10857
140094 5
2 5
13092 6
63 5
2989 5
9263 5
191 5
191 5
56605 5
198963 3
1 5
96924 5
12 5
191 5
21 5
58959 6
1731 4
723 5
195389 10857
1469 5
13092 6
40 5
32264 5
40 5
4105 5
40 5
3966 5
1469 5
34 5
192547 6
26 5
1230 5
128915 5
26 5
27330 5
10948 5
7 4
167888 5
601 5
86492 6
28947 5
58959 6
496 40
30490 52
461 5
195404 7898
195389 10857
396 5
1493 4
14 5
3819 5
1364 5
3819 5
1139 6
16 5
461 5
75 5
325 5
3966 5
1605 8
162175 5
1230 5
92 4
17580 5
17580 5
1139 6
172372 5
195404 7898
195389 10857
325 5
92 4
45367 5
2795 5
151876 5
3819 5
8295 5
5254 5
8295 5
12135 4
75 5
45367 5
1671 5
10668 5
0 5
92 4
32986 5
75 5
28947 5
195404 7898
195473 10726
195389 10857
891 5
48960 6
83 5
53880 5
71658 14
0 5
116560 5
13092 6
75 5
44233 5
101696 5
3730 5
140956 5
53880 5
22 6
723 5
782 5
69764 6
49906 5
234 5
191178 5
195404 7898
13123 4
39827 5
1605 8
196969 3
3819 5
11401 5
12135 4
103589 5
782 5
65923 4
40396 5
49716 5
52671 5
12135 4
195691 3
3819 5
94 6
11 5
16 5
12135 4
195522 2956
68724 5
22 6
12135 4
505 6
74655 9
74655 9
5901 5
307 5
49906 5
167 5
180542 5
5319 5
195563 3
105719 5
782 5
67 5
195626 3
148830 5
10 5
52671 5
68724 5
16 5
14365 4
94 6
21 5
891 5
55203 5
65923 4
148047 5
55203 5
891 5
122420 5
1671 5
1336 5
422 5
505 6
1697 5
213 4
44893 5
92235 6
21 5
6178 4
91144 4
91144 4
5708 5
9881 5
307 5
8241 5
195947 3
1007 6
195414 10864
218 5
218 5
723 5
67 5
513 4
1364 5
118907 5
1007 6
9881 5
46 5
45541 6
65 4
195569 3
124868 5
46 5
53 5
1336 5
366 4
13123 4
812 5
46 5
89 5
8241 5
1697 5
71658 14
195414 10864
201561 3
122 5
2768 5
776 6
3170 5
98884 4
13026 4
373 5
7108 5
7108 5
6178 4
505 6
13123 4
374 5
14365 4
15070 5
13026 4
1763 6
75 5
328 5
495 7
71814 6
11401 5
75 5
11875 5
366 4
44893 5
66421 13
75 5
4013 6
13 5
1697 5
7108 5
195532 8681
505 6
11401 5
1697 5
75 5
77736 4
1697 5
495 7
328 5
107847 5
328 5
12542 6
218 5
86813 5
78 4
164404 5
3896 6
77736 4
13123 4
64516 5
12542 6
11875 5
505 6
1330 5
1469 5
12542 6
54069 7
54 6
1469 5
9653 4
5 5
191 5
1330 5
5901 5
2205 5
5 5
1015 6
5 5
1015 6
506 6
54 6
14365 4
191 5
506 6
64516 5
13311 5
13311 5
0 5
191 5
118770 5
2205 5
75 5
75 5
198061 3
195470 540
53 5
13311 5
11875 5
191 5
26 5
26 5
1 5
179135 5
185876 5
12542 6
214 5
21 5
14 5
248 5
240 6
54 6
506 6
240 6
12542 6
59753 5
506 6
169363 5
240 6
240 6
5348 5
1330 5
240 6
67919 5
55466 6
1 5
55466 6
104145 4
139023 6
1230 5
1330 5
2795 5
37617 5
302 4
14255 4
214 5
461 5
422 5
159 6
81777 5
83979 5
103336 5
21648 5
35949 4
150086 5
195467 1608
35949 4
4 5
234 5
69764 6
6285 5
15 6
15 6
2502 7
741 5
1713 5
741 5
30393 5
5348 5
2 5
191 5
49716 5
218 5
271 5
83979 5
37617 5
5319 5
94 6
132190 5
1431 5
46216 5
302 4
43476 5
5 5
110524 5
133507 5
14255 4
5888 5
5888 5
54069 7
1431 5
4013 6
47 6
2 5
302 4
9881 5
6500 5
240 6
5888 5
195565 3
68584 17
302 4
76 5
891 5
3170 5
3170 5
93305 5
248 5
366 4
45735 5
1323 5
1323 5
3170 5
195460 11820
74034 5
47 6
75 5
195573 3
63322 6
194408 6
213 4
85028 5
4013 6
21648 5
177857 5
377 4
78101 4
130564 5
85028 5
78101 4
63322 6
953 4
7 4
114046 5
953 4
9526 6
366 4
953 4
64866 5
64866 5
202198 3
177759 9
366 4
161241 5
5348 5
47 6
550 5
109108 5
2427 5
366 4
550 5
182376 5
82453 5
9250 5
46216 5
75 5
45735 5
2702 5
71814 6
8241 5
111279 4
8241 5
136865 5
5 5
4213 5
14255 4
51196 9
195499 9473
5348 5
271 5
271 5
90491 5
46 5
7 4
187 6
165342 5
1323 5
1436 6
2702 5
366 4
83358 6
206 5
4201 6
212 5
776 6
82035 5
9 4
43002 5
71457 5
126952 4
90803 5
7 4
90803 5
4013 6
1243 6
7108 5
3769 5
43002 5
14255 4
54 6
6669 4
8088 5
6669 4
63609 5
59629 5
422 5
2502 7
92534 4
195421 981
200366 3
3769 5
9 4
38957 5
38957 5
61352 5
52294 5
174167 5
1173 5
953 4
173621 5
17 5
17 5
486 4
75423 5
234 5
42246 5
42246 5
195421 981
82320 6
953 4
6666 6
1173 5
198641 3
18198 4
8088 5
2427 5
68693 5
4 5
1243 6
271 5
206 5
156 5
5600 5
74117 5
156 5
196861 3
23207 4
1243 6
167556 5
195476 14425
164607 6
23207 4
61352 5
69 5
1173 5
1173 5
4 5
150 5
41 5
15 6
483 4
755 16
1625 5
74117 5
755 16
1926 5
163440 5
66061 4
1093 5
1625 5
1093 5
8241 5
1313 4
33 6
96522 5
96522 5
51 5
9881 5
51 5
51 5
103670 5
12788 6
137619 5
195605 3
68693 5
8088 5
69 5
54 6
51 5
2795 5
171511 5
159489 5
60 5
12788 6
1313 4
202432 3
4909 5
14 5
206 5
3769 5
2795 5
3769 5
32137 5
7 4
51 5
195461 16387
715 5
82035 5
3769 5
53201 17
75423 5
41 5
195591 3
1313 4
93270 6
6 5
91759 11
2795 5
47 6
206 5
17340 5
65599 5
5888 5
195564 3
5572 5
65599 5
1323 5
191695 5
195573 3
154170 5
71555 5
27967 4
174215 14
138059 4
206 5
154192 5
41 5
52294 5
6 5
6666 6
63601 5
148706 5
146585 5
135754 5
6 5
206 5
179360 4
71555 5
41 5
141913 6
131561 5
6122 5
1278 5
755 16
1285 5
195559 7051
138072 5
248 5
1816 5
134091 5
206 5
206 5
959 6
120717 6
1816 5
2795 5
271 5
100335 10
68584 17
74 5
2795 5
2 5
171 5
78789 5
6057 5
74999 5
1173 5
11423 5
1313 4
959 6
93270 6
7108 5
3 6
1492 5
7108 5
1492 5
1492 5
58791 5
3 6
576 5
75 5
17340 5
128514 5
3225 5
1446 5
152 5
10 5
4800 5
84359 5
19 5
0 5
1492 5
31 5
70883 5
31 5
75 5
6 5
3 6
70883 5
105716 5
31 5
3 6
91956 5
195571 3
84359 5
91956 5
15474 6
27350 5
10 5
4201 6
598 5
27350 5
5572 5
110 5
195558 13087
14526 5
1492 5
116695 5
6122 5
121 5
152 5
8033 5
63609 5
82320 6
1265 5
17340 5
8033 5
150 5
91759 11
10 5
5572 5
533 6
6122 5
15 6
77370 6
54753 6
146680 5
77370 6
2670 6
150 5
13 5
13 5
483 4
13 5
483 4
118696 4
30 5
148927 5
150 5
15474 6
533 6
160239 5
566 6
1253 5
533 6
5635 5
70716 4
173593 5
15474 6
1253 5
1696 5
1253 5
17951 5
21 5
170254 5
21 5
1696 5
70252 5
29886 5
194796 5
1492 5
195428 7149
1492 5
196253 3
162844 5
6 5
6 5
60624 5
118912 5
58791 5
94562 6
6 5
13 5
6 5
2670 6
139832 5
5572 5
3712 5
90026 13
195629 3
39365 5
18198 4
39365 5
2254 5
8033 5
92540 5
195428 7149
53727 33
876 5
8088 5
19 5
8033 5
6122 5
2670 6
197452 3
2 5
30 5
1042 5
1243 6
195594 3
1313 4
1042 5
1285 5
1253 5
78232 5
1063 5
41463 4
137915 6
196366 3
111856 5
60624 5
195519 14647
959 6
2254 5
6122 5
59381 6
4638 5
6122 5
1243 6
41463 4
1063 5
1265 5
14745 6
1 5
1063 5
6057 5
13286 5
21 5
8033 5
10786 5
64473 4
79511 5
892 5
4638 5
66854 4
1253 5
10786 5
598 5
8613 6
2670 6
53 5
6057 5
104922 4
8613 6
14745 6
178179 5
1313 4
92540 5
2670 6
1550 12
158863 10
1379 5
8898 6
278 6
898 5
1285 5
21 5
177733 5
91500 5
64473 4
91500 5
8613 6
8613 6
8613 6
35079 5
53727 33
17951 5
195493 10548
59390 5
1699 4
154681 5
6646 5
468 5
1173 5
182563 5
1042 5
195563 3
6122 5
59390 5
10950 6
96252 4
19119 5
598 5
53 5
5635 5
1596 4
598 5
135155 5
134082 6
17951 5
468 5
598 5
1 5
18198 4
8941 5
36070 5
1173 5
17039 5
174829 6
28576 6
94921 6
101 5
395 5
4223 5
1338 5
6646 5
31946 5
206 5
79511 5
30 5
248 5
1173 5
30 5
195411 864
30 5
13 5
885 5
4223 5
2476 5
2476 5
6646 5
36070 5
30 5
1173 5
6646 5
1285 5
69 5
129 4
91273 5
819 5
31946 5
8 5
74453 5
4674 4
129 4
25231 5
90026 13
14745 6
14745 6
31 5
79223 5
21 5
195411 864
1243 6
314 6
4674 4
3192 8
94562 6
241 5
195563 3
1492 5
111180 5
819 5
25231 5
121 5
156323 5
66854 4
244 6
62761 5
4223 5
195484 11312
4409 6
196882 3
1285 5
160578 4
69 5
62761 5
127 5
54753 6
9 4
50 5
819 5
66339 4
3 6
4225 4
3712 5
140908 5
10 5
9 4
129 4
65250 5
176597 4
187522 6
127 5
3712 5
69 5
533 6
127 5
533 6
58358 5
533 6
3712 5
129 4
1056 6
168204 5
137020 5
195631 3
426 6
426 6
3 6
53781 5
5872 5
7646 5
11835 5
241 5
241 5
959 6
86992 6
11835 5
1056 6
3712 5
52895 6
7646 5
1054 6
109 4
174098 5
67437 6
198285 3
970 16
195444 1039
6 5
1313 4
64207 5
38615 5
109 4
195611 3
3775 4
2476 5
13894 5
13894 5
2999 9
3536 5
2999 9
4638 5
108233 5
26979 5
5 5
2999 9
970 16
1063 5
195966 3
198446 3
32844 4
42714 5
2476 5
1265 5
1762 5
1243 6
50 5
1762 5
191321 5
6646 5
4409 6
5117 5
64207 5
198942 3
219 5
123 5
123 5
17936 5
174570 5
1265 5
199168 3
28576 6
970 16
31 5
17936 5
19 5
1265 5
14 5
970 16
970 16
1604 6
13894 5
19119 5
108 5
318 5
395 5
80333 6
195482 16702
1369 4
15 6
248 5
1265 5
15 6
1388 5
3775 4
20 5
123 5
20 5
109 4
99456 5
4674 4
32261 5
19119 5
13 5
31 5
4638 5
2799 75
79704 5
2 5
2 5
10 5
39892 5
556 67
195570 3
58358 5
176497 5
11742 5
10 5
24 5
24 5
2557 4
195887 3
2557 4
80333 6
408 5
468 5
71670 5
24 5
125 6
31036 5
2 5
2526 6
2557 4
2815 6
17936 5
523 7
2815 6
195521 15576
94921 6
68080 5
17039 5
68610 6
77995 5
39892 5
242 6
68610 6
109 4
39929 512
242 6
200017 3
42714 5
97458 5
79704 5
2815 6
242 6
121 5
38326 6
105 6
1265 5
12 5
144283 4
59653 5
1265 5
38326 6
137001 6
200 6
12 5
229 4
91273 5
4529 5
9463 5
27334 6
2526 6
175962 4
2815 6
38615 5
118 5
121 5
430 6
111526 5
430 6
39929 512
123 5
80930 6
125 6
195523 6105
9463 5
167767 6
200 6
123 5
430 6
12169 5
68080 5
105 6
137130 5
134509 4
1492 5
5872 5
2815 6
11742 5
4638 5
143902 4
75 5
176264 5
16150 5
40016 6
5117 5
44734 5
123719 5
89951 5
146326 5
221 4
40016 6
533 6
19576 5
53781 5
105 6
4 5
156 5
662 6
156 5
60778 6
144478 5
174902 5
178031 6
96 4
129 4
19617 5
205947 3
129 4
77995 5
426 6
49 5
195696 3
3569 5
650 6
191150 5
4529 5
19576 5
86012 5
94679 6
12537 6
12537 6
88715 4
195556 10583
12537 6
12537 6
44990 5
2999 9
33837 5
7646 5
55375 5
662 6
55375 5
3 6
33837 5
3 6
519 5
2999 9
374 5
353 5
151 5
61 6
1660 8
146356 5
19617 5
129 4
925 5
140809 12
194852 4
32844 4
374 5
91863 5
125497 5
1063 5
118 5
151 5
2815 6
29215 5
662 6
12 5
9 4
11 5
154952 5
22 6
519 5
1374 5
100 5
32 4
12 5
129 4
44990 5
112925 5
5 5
980 5
1063 5
46967 5
32 4
22 6
195437 441
2815 6
295 5
970 16
121 5
12537 6
46967 5
519 5
190 6
118 5
7516 4
7516 4
119 5
203658 3
318 5
110520 5
4 5
143 5
163016 4
9 4
5998 5
196107 3
20 5
571 30
71670 5
96898 6
15 6
96898 6
2123 5
12169 5
195627 3
1024 6
147 6
1374 5
1374 5
1024 6
12169 5
16150 5
200419 3
31 5
5117 5
31 5
59653 5
195564 3
5117 5
10273 5
10273 5
190 6
195445 14097
561 5
9 4
10 5
1063 5
10 5
5 5
100 5
135822 4
197 6
8068 6
522 5
54227 5
67151 5
119 5
161446 5
295 5
662 6
662 6
295 5
1026 8
123 5
60778 6
12169 5
123 5
31 5
221 4
80123 5
56 5
15 6
5503 5
88715 4
7788 4
6916 6
187539 5
74 5
662 6
81195 5
59106 5
522 5
1265 5
1265 5
156 5
17039 5
15 6
56 5
15 6
33737 6
127443 4
9 4
7788 4
119 5
1265 5
195598 3
22 6
5503 5
461 5
461 5
1265 5
11742 5
3526 6
1265 5
195397 11502
2815 6
461 5
71332 5
49 5
255 5
2815 6
2815 6
1024 6
27295 5
22 6
30 5
12 5
26872 5
200 6
59106 5
203604 3
9 4
74010 4
81195 5
9 4
330 5
5117 5
120924 6
2526 6
5117 5
182218 6
2199 5
22 6
195397 11502
255 5
129 4
12169 5
7 4
184 5
31 5
200156 3
141538 6
49 5
2 5
199978 3
200 6
1057 6
168478 5
90719 5
119368 5
195397 11502
195462 14057
83863 44
2199 5
129 4
5503 5
6865 5
158264 6
358 5
31 5
616 5
195564 3
4529 5
203081 3
2 5
2933 5
12 5
78574 5
83863 44
31 5
71603 5
205796 3
358 5
13048 5
630 4
196611 3
30 5
157 5
59 5
12628 5
12628 5
13048 5
6865 5
31 5
19567 5
31 5
31 5
195397 11502
143604 6
157 5
30 5
116133 5
184 5
19567 5
65546 5
16047 12
16047 12
2933 5
22 6
8068 6
1 5
140981 5
16047 12
65546 5
150528 5
16047 12
90119 5
980 5
192967 5
143500 5
129 4
27015 6
97234 4
195562 3998
195397 11502
191988 5
101 5
90119 5
4813 5
131186 6
616 5
90719 5
11742 5
17473 5
7516 4
4529 5
58 5
11742 5
19567 5
23371 6
122526 5
1 5
10273 5
7788 4
1 5
616 5
67 5
98151 5
160985 5
17473 5
50044 5
186477 5
16150 5
10 5
205021 3
101 5
5503 5
1 5
101 5
4813 5
4529 5
6916 6
129 4
433 5
19617 5
58 5
195391 3150
71603 5
26872 5
1690 4
29215 5
433 5
1024 6
330 5
6916 6
1024 6
4091 5
2933 5
14 5
67 5
4813 5
373 5
61 6
16577 5
61 6
14594 5
118 5
246 5
561 5
195391 3150
980 5
9762 5
96 4
16150 5
318 5
285 5
14 5
8 5
980 5
15 6
246 5
101 5
50551 4
100 5
116014 6
15 6
4368 3
4368 3
8 5
31 5
84931 5
330 5
330 5
102547 5
117427 7
756 6
2653 6
4 5
2653 6
16577 5
45524 5
195391 3150
195506 16390
9762 5
156 5
125220 6
122 5
2653 6
78 4
144511 4
136098 5
141 5
122065 6
54227 5
4 5
174336 5
9182 4
25986 5
14860 5
101 5
25986 5
78 4
14594 5
4 5
59 5
100 5
84931 5
199040 3
80123 5
141 5
221 4
140766 6
4813 5
4813 5
4813 5
100 5
78 4
195391 3150
45524 5
9182 4
78 4
195765 3
101 5
15 6
9182 4
31 5
5 5
15 6
1683 5
15 6
196796 3
50551 4
91387 5
91387 5
7254 5
9347 5
192180 4
59 5
205 5
1063 5
359 5
4091 5
630 4
0 5
195487 931
195391 3150
18 6
81 5
44 5
14594 5
359 5
157083 4
205 5
44 5
103765 5
9182 4
90243 5
18 6
2437 4
150967 5
791 5
90243 5
18 6
188039 5
650 6
11017 5
756 6
31 5
36 5
36 5
373 5
18 6
195391 3150
184 5
49252 5
200122 3
78574 5
31 5
4091 5
545 5
30 5
9469 5
14594 5
71513 18
44 5
153103 4
161077 5
97938 50
4091 5
359 5
198199 3
81 5
110207 4
195431 9601
195391 3150
359 5
95700 4
192516 5
634 8
100 5
104708 5
64145 5
200 6
545 5
16137 5
157 5
157412 5
148364 5
95700 4
582 4
791 5
9762 5
422 5
8044 6
21933 5
25373 5
25373 5
92008 5
8231 5
62737 5
195391 3150
75 5
2437 4
31 5
5301 4
5301 4
189943 5
9469 5
49 5
72718 6
18 6
2199 5
359 5
8231 5
2437 4
2199 5
44084 5
67 5
72824 6
433 5
2199 5
980 5
195500 1895
195391 3150
200 6
184765 4
980 5
127489 5
246 5
89705 5
98982 4
62737 5
0 5
3194 5
141 5
9762 5
15532 5
198450 3
9762 5
21933 5
64980 6
0 5
57899 6
195391 3150
4566 4
0 5
67 5
0 5
67 5
3194 5
57899 6
14860 5
371 5
0 5
55 5
37766 4
190312 5
1176 5
14860 5
92144 5
93790 5
86679 6
2089 5
40509 6
2089 5
55 5
199199 3
31 5
556 67
11017 5
91501 5
195557 16487
195391 3150
44084 5
55 5
701 5
75 5
64980 6
8231 5
75 5
187 6
221 4
2089 5
9182 4
155073 5
6916 6
75 5
84 5
658 5
195585 3
154755 6
9182 4
39287 5
31 5
29412 5
71756 5
169763 5
556 67
121861 4
86679 6
2089 5
84 5
40509 6
195923 3
31 5
6426 5
118855 12
658 5
312 5
200471 3
38 5
120845 5
23142 5
200069 3
195603 3
195721 3
23142 5
92008 5
177 5
840 6
312 5
29650 13
556 67
195513 3547
55249 6
312 5
143 5
37 4
195566 3
285 5
114199 5
205 5
5253 4
658 5
31 5
84305 4
29412 5
5253 4
5253 4
218 5
556 67
148 5
556 67
6426 5
38605 11
119552 5
31 5
2437 4
10260 5
29650 13
130237 5
71513 18
177760 6
195695 3
21 5
50245 4
5253 4
40838 6
5253 4
15532 5
157 5
35761 5
10 5
11491 5
35473 5
5846 5
55249 6
195432 8449
10260 5
663 5
10260 5
10260 5
9555 6
173 5
31 5
35761 5
333 5
23087 5
93162 5
9513 6
114524 5
21 5
11491 5
5 5
60884 5
23353 6
70932 4
141163 4
1987 5
23353 6
1228 4
104833 5
60884 5
336 5
95831 6
191472 5
2 5
9513 6
2 5
36637 5
95831 6
14 5
49252 5
163694 5
72 5
93162 5
9513 6
422 5
36 5
36 5
115 5
14 5
78030 5
556 67
72172 5
148 5
83873 6
701 5
2364 5
140 5
64145 5
140 5
62773 11
556 67
142634 5
204496 3
62773 11
196411 3
1557 5
195457 10743
72874 4
149524 5
422 5
117419 4
10260 5
66397 5
1460 5
163647 5
1460 5
5 5
2437 4
7 4
11491 5
422 5
66397 5
312 5
96352 5
138459 5
8231 5
98497 5
52284 6
96352 5
312 5
5809 19
5809 19
5809 19
11491 5
50948 5
5419 5
7 4
52284 6
2157 5
140 5
138861 4
78 4
8690 5
18982 5
13 5
556 67
6995 5
168370 5
5846 5
5809 19
5809 19
105943 5
556 67
36 5
8690 5
174175 5
189313 6
84305 4
159240 6
36 5
1 5
13 5
218 5
59282 5
80186 4
12416 17
21202 5
333 5
50948 5
44262 4
36 5
115 5
7 4
2157 5
195505 5857
36 5
333 5
16239 5
6995 5
2634 6
2634 6
0 5
1557 5
54222 5
13 5
13 5
144279 6
11491 5
27 5
2157 5
129473 6
59282 5
36 5
36 5
77490 4
14 5
77490 4
3260 5
36 5
218 5
336 5
70 5
159 6
333 5
87131 6
45654 5
85 5
9762 5
31 5
333 5
153 5
180070 5
333 5
8231 5
67242 5
70 5
14 5
67 5
36 5
70932 4
36 5
80186 4
9136 6
471 5
8690 5
195413 14367
5846 5
115 5
1846 6
384 5
138318 4
36 5
71 6
160149 4
840 6
71 6
71 6
196816 3
94576 5
336 5
10516 5
336 5
18982 5
50245 4
34661 5
18982 5
148 5
87131 6
45654 5
5846 5
1943 5
177 5
13 5
140055 5
115 5
195413 14367
67 5
194 5
173 5
115 5
12 5
14 5
1943 5
72172 5
86244 4
1725 4
1943 5
93911 5
1915 5
103498 6
37482 5
541 5
5047 5
521 5
94576 5
93911 5
35551 5
115 5
521 5
9725 5
1846 6
35551 5
195535 7185
177 5
3260 5
67 5
73 4
46130 5
175375 5
8576 9
195570 3
4242 5
1915 5
71432 5
4120 5
4120 5
4994 5
191429 5
103024 5
45616 5
45616 5
9725 5
474 4
67242 5
9136 6
100763 5
9725 5
840 6
142 6
155486 6
3229 7
172 4
54222 5
13 5
27 5
4242 5
35473 5
33 6
20281 5
181335 11
4036 6
23 6
4994 5
147716 6
120847 6
472 6
35 5
16284 5
146311 5
124 5
40838 6
64225 5
384 5
556 67
195406 223
384 5
71432 5
36 5
341 5
7728 4
1207 6
7728 4
2694 4
1846 6
1007 6
36637 5
4036 6
4994 5
195564 3
1207 6
36 5
1063 5
496 40
1008 5
1007 6
2062 5
2062 5
422 5
100221 5
153 5
0 5
153 5
9725 5
3 6
51604 4
9725 5
195406 223
4533 5
560 5
560 5
51604 4
77471 5
3 6
1007 6
4036 6
191 5
96 4
4036 6
6 5
60704 9
115 5
184459 4
1207 6
153 5
376 6
9 4
610 6
77471 5
1008 5
1557 5
73 4
1557 5
195415 4568
195406 223
4036 6
96 4
9725 5
4036 6
96 4
71057 12
3 6
2442 5
1557 5
496 40
28288 39
114434 5
110973 5
1008 5
46130 5
2 5
195673 3
336 5
11136 6
11136 6
194 5
249 5
249 5
374 5
195415 4568
195406 223
6836 6
71057 12
42655 4
537 5
31 5
12 5
368 5
153 5
6836 6
7364 5
44449 73
7728 4
67 5
67 5
6995 5
840 6
610 6
58359 5
496 40
30408 6
58359 5
195393 11627
27 5
67529 6
13 5
139119 6
496 40
51339 4
195647 3
741 5
86244 4
8231 5
368 5
67529 6
741 5
78634 5
35 5
5 5
88008 6
205395 3
35 5
73057 5
148515 5
44449 73
13 5
199682 3
336 5
135038 5
15 6
195393 11627
3064 4
3448 5
3448 5
2442 5
2062 5
278 6
35 5
13 5
88008 6
66517 5
15 6
5360 5
13 5
4036 6
202394 3
3229 7
3229 7
22987 5
16213 5
116077 5
195847 3
36 5
195464 16491
195393 11627
13029 5
144 5
15 6
13029 5
9 4
9 4
153 5
53450 5
13029 5
9136 6
5047 5
136960 6
148615 5
10516 5
1207 6
541 5
173 5
176482 6
195728 3
173 5
17 5
3229 7
3229 7
196 6
196 6
196 6
145185 5
173 5
31096 5
195393 11627
92 4
9136 6
196 6
541 5
13 5
5057 6
147261 6
195564 3
13 5
14010 6
185442 5
15 6
1929 6
124 5
53450 5
195736 3
107193 6
124 5
116653 4
66517 5
173 5
537 5
1846 6
1464 5
138 5
1155 6
86282 4
537 5
5029 7
195483 9307
195393 11627
64064 6
6563 5
92357 5
86282 4
6563 5
1207 6
4438 4
13 5
69567 5
51339 4
69567 5
173931 6
124 5
64064 6
138 5
4 5
6563 5
5 5
5057 6
71711 6
67 5
384 5
6904 5
472 6
1 5
1 5
197595 3
7 4
195393 11627
92839 5
6904 5
108658 5
594 5
117739 5
6995 5
156969 5
114216 5
5937 6
23 6
556 67
456 6
173 5
22 6
92839 5
120097 60
22 6
2844 6
23 6
1207 6
1207 6
67 5
22 6
6904 5
86440 4
195468 1546
195393 11627
1207 6
1 5
13152 6
1 5
65284 5
115 5
118727 5
57218 5
3885 5
177739 5
9 4
9 4
174430 5
5057 6
34928 5
1207 6
195592 3
830 5
560 5
67 5
27 5
46860 5
46860 5
138687 5
13152 6
34928 5
198135 3
278 6
1 5
31 5
4438 4
77 5
77 5
64576 5
60704 9
73 4
44 5
77 5
13375 5
195563 3
44 5
173 5
44 5
195436 3194
92357 5
198 5
137777 5
97302 5
173 5
4438 4
858 6
3 6
173 5
42655 4
97578 5
74790 5
3 6
183275 5
7364 5
1 5
7364 5
374 5
1414 5
16869 5
22987 5
97814 6
654 5
31952 5
12 5
7364 5
129 4
654 5
180726 4
44 5
97302 5
162348 5
654 5
537 5
654 5
877 5
66429 5
1207 6
1 5
1207 6
3 6
537 5
306 5
3 6
3 6
89783 4
560 5
195563 3
112242 5
4 5
67 5
877 5
31952 5
65284 5
165189 5
66429 5
67 5
3 6
48463 4
3 6
489 9
36716 5
1 5
195550 9129
306 5
560 5
16213 5
168412 5
858 6
840 6
36716 5
30408 6
12 5
4 5
184534 5
192609 5
174600 5
102782 4
5047 5
37332 5
52529 5
129 4
136047 5
646 6
664 4
82587 5
654 5
14106 5
80543 5
646 6
193204 5
560 5
80543 5
48463 4
10931 5
14106 5
306 5
82587 5
3133 4
5466 4
5466 4
654 5
13152 6
6031 6
171652 4
195563 3
654 5
306 5
24547 4
6031 6
65595 5
195588 3
81290 5
195402 2787
560 5
2442 5
3064 4
71956 6
3448 5
37332 5
3448 5
24547 4
16869 5
13 5
10931 5
238 5
3064 4
22 6
81290 5
16869 5
238 5
23 6
585 4
85 5
121503 4
8511 5
18447 6
115598 5
7364 5
664 4
82 5
193 5
82 5
286 5
201120 3
80214 5
24312 5
24312 5
195402 2787
13442 5
61966 5
80214 5
198 5
2 5
61966 5
196625 3
877 5
97578 5
157679 5
824 5
1996 5
71956 6
2442 5
286 5
691 6
193 5
537 5
82 5
110961 5
64576 5
8511 5
5101 5
824 5
8511 5
82 5
824 5
195507 3529
195402 2787
10152 5
16453 5
23 6
73219 5
83461 4
6563 5
2 5
145 5
824 5
1996 5
691 6
1065 5
145 5
166857 5
7364 5
33587 6
33587 6
10152 5
145 5
195402 2787
626 6
140653 6
204470 3
195616 3
158143 5
195930 3
1047 6
7447 5
10637 5
5101 5
2442 5
195563 3
164763 6
114717 5
195502 10582
54 6
138798 5
92888 5
85 5
16869 5
1047 6
87265 4
66435 5
40854 5
66435 5
2442 5
44189 5
6904 5
3738 5
49365 5
10181 5
54 6
3738 5
384 5
82 5
44189 5
10181 5
2 5
3738 5
73 4
3738 5
110501 6
439 5
3885 5
594 5
1065 5
339 6
3133 4
9456 4
9456 4
88260 5
83461 4
86053 6
127 5
57218 5
2617 4
62027 5
88260 5
82 5
594 5
84616 5
2617 4
3 6
54601 5
14 5
195395 3620
3133 4
27 5
92555 6
54601 5
40854 5
92555 6
27 5
84616 5
107756 5
85 5
2617 4
1737 5
654 5
96770 5
6838 6
31967 4
52529 5
7250 5
192012 5
205281 3
6838 6
5125 5
24681 4
195395 3620
10637 5
14 5
18819 5
3133 4
24681 4
594 5
3133 4
14348 5
15729 5
13152 6
20 5
14348 5
186465 6
14348 5
31967 4
10 5
127038 5
109763 5
830 5
18819 5
1414 5
2 5
27196 6
230 5
77 5
195429 5558
195395 3620
9456 4
87465 6
77 5
339 6
195874 3
10637 5
5125 5
82 5
74790 5
286 5
82 5
5 5
286 5
339 6
286 5
1414 5
5 5
15375 5
5768 6
1414 5
187814 5
145 5
10931 5
5 5
534 5
498 5
93858 5
840 6
15729 5
498 5
4 5
97413 4
195429 5558
195395 3620
1996 5
16453 5
75048 5
61378 5
3383 5
163278 6
61378 5
3383 5
14106 5
5101 5
320 6
194260 6
118 5
82 5
49084 5
7 4
50595 6
49211 6
3448 5
5 5
5820 5
4179 5
191719 6
2073 5
148147 4
15729 5
91 6
195459 637
195395 3620
74416 4
268 6
840 6
24655 5
173711 5
74416 4
74342 5
218 5
5820 5
92045 16
2 5
299 5
50595 6
60752 4
120934 5
18932 5
60751 4
7148 4
1210 6
688 5
69254 5
2073 5
1 5
900 6
7148 4
688 5
775 6
195395 3620
93858 5
1737 5
1737 5
148 5
7 4
31 5
175280 5
52 5
52953 5
6 5
2 5
195567 3
60751 4
60752 4
136103 6
48622 5
116852 6
97772 4
900 6
62027 5
12 5
195598 3
148 5
5101 5
34 5
2617 4
5820 5
195446 7354
195395 3620
2617 4
155616 4
136 5
31 5
691 6
49211 6
46889 6
194191 5
15 6
46889 6
46567 5
18932 5
688 5
118 5
1737 5
126084 5
5018 5
136 5
6 5
144555 6
82 5
691 6
82 5
4179 5
166657 6
900 6
49084 5
139193 4
990 5
2442 5
3849 6
2493 5
3849 6
148 5
148 5
4028 4
5101 5
52953 5
3627 5
15 6
33 6
268 6
498 5
4179 5
195474 8580
15 6
1414 5
498 5
2073 5
14348 5
3849 6
86 4
15 6
10391 5
4028 4
109990 6
4028 4
409 6
10391 5
200838 3
1 5
77846 6
176671 5
130 5
175658 4
183802 5
33 6
2073 5
13909 5
478 5
85 5
190773 5
18932 5
157978 5
84162 5
24655 5
84162 5
29678 4
2699 6
1414 5
5 5
60860 5
48454 5
19915 4
139694 5
60860 5
2073 5
63084 5
195466 9094
4342 5
59926 5
96770 5
4342 5
158135 5
130 5
104 5
104 5
74318 5
193011 5
79908 17
34673 5
2699 6
127223 5
27196 6
26431 5
72468 6
16453 5
594 5
990 5
25725 5
4342 5
86 4
174 5
56 5
5101 5
926 5
230 5
14 5
5101 5
169534 5
195566 3
990 5
594 5
14 5
174987 5
18819 5
81262 4
81262 4
91 6
92045 16
114476 7
501 4
10945 5
200827 3
4179 5
173172 5
195572 3
10945 5
2699 6
15171 5
34673 5
840 6
63516 5
93857 5
501 4
15171 5
195508 6804
5018 5
65587 5
65587 5
78991 5
73553 5
501 4
52 5
73553 5
5946 13
195761 3
11934 5
5125 5
79908 17
18 6
77846 6
15910 5
0 5
174 5
89 5
89 5
52 5
130 5
130 5
52 5
11934 5
145 5
174 5
174 5
4179 5
75048 5
63516 5
25725 5
15230 4
130 5
10945 5
188277 5
180812 5
61365 5
230 5
91 6
1718 4
40 5
195547 16756
63084 5
145 5
136 5
89 5
1562 6
3383 5
148 5
118 5
3626 15
2699 6
268 6
4342 5
81049 5
91 6
10931 5
1455 6
10931 5
15910 5
15910 5
19847 5
19915 4
1300 5
19847 5
15910 5
120552 4
19847 5
15230 4
157015 5
1718 4
15230 4
86474 6
74342 5
1300 5
1562 6
19915 4
254 5
254 5
71023 4
46567 5
1159 6
3040 5
926 5
26431 5
29102 6
20 5
141428 5
70152 5
4028 4
783 6
195426 12204
64108 6
4342 5
218 5
501 4
501 4
9753 5
783 6
111 4
1300 5
11934 5
1159 6
195563 3
85 5
3626 15
1159 6
48454 5
195426 12204
29102 6
926 5
478 5
156697 5
201996 3
82381 4
181817 5
111 4
169858 5
2763 5
85 5
478 5
111 4
10 5
70152 5
11934 5
71023 4
2 5
158806 5
4028 4
68203 5
39959 4
195399 15174
4028 4
59926 5
5125 5
68203 5
2073 5
47275 5
202373 3
1455 6
1455 6
175785 6
19042 6
19042 6
199317 3
1059 6
118 5
80004 5
175593 4
118 5
783 6
172385 5
1300 5
144783 6
3626 15
3383 5
1059 6
162364 5
2617 4
112432 6
195399 15174
183979 5
691 6
691 6
4179 5
1066 6
86543 5
691 6
2869 5
783 6
85014 5
118 5
137235 5
1455 6
9753 5
93117 6
93117 6
2442 5
222 6
125068 5
2 5
15171 5
1737 5
11641 5
2869 5
195399 15174
195438 2150
35 5
25 6
171211 6
179 5
56880 5
900 6
95542 3
64 5
195702 3
151772 5
64 5
9753 5
218 5
202 5
85 5
113375 5
198679 3
56880 5
194958 5
139400 4
85 5
4179 5
218 5
76876 6
195399 15174
195564 3
900 6
76876 6
9753 5
308 4
1 5
195828 3
308 4
2 5
47559 5
175776 5
159507 6
218 5
17631 6
17631 6
218 5
218 5
181520 4
47559 5
85 5
10 5
2073 5
258 5
195398 13842
9753 5
108404 6
2 5
1059 6
122896 5
71272 6
35 5
71272 6
130 5
13909 5
85 5
130 5
202034 3
2073 5
308 4
130 5
148 5
91355 9
4342 5
195795 3
1254 5
195398 13842
4342 5
130 5
1737 5
78267 4
783 6
130 5
17631 6
80256 4
89966 5
9753 5
89966 5
19636 4
145844 5
56718 5
6 5
116035 4
1299 5
87732 5
154274 5
5211 5
81437 5
118 5
537 5
495 7
1059 6
5211 5
218 5
218 5
28430 5
195433 13177
195398 13842
50 5
2869 5
10 5
218 5
2073 5
25 6
1558 5
204710 3
1558 5
78267 4
5211 5
74936 5
537 5
537 5
12061 6
783 6
25 6
187404 6
49 5
49 5
4342 5
80256 4
12061 6
93857 5
5 5
195398 13842
25 6
5216 4
5216 4
143527 5
537 5
135498 6
4342 5
4342 5
11651 4
29988 143
50613 23
118 5
156981 5
29988 143
11637 5
11637 5
4 5
82381 4
195650 3
5216 4
308 4
16 5
11651 4
55993 5
1254 5
130480 4
430 6
33223 5
62115 6
63573 6
64783 5
806 5
11651 4
806 5
84176 5
195448 12238
40 5
6860 5
1 5
2579 5
130 5
50 5
5 5
1838 5
62115 6
535 5
40 5
771 6
40 5
501 4
771 6
1159 6
5216 4
64783 5
2576 5
11 5
38641 5
5 5
110281 5
156137 5
70 5
125 6
126259 5
71282 6
11 5
721 5
188 4
721 5
45368 118
1737 5
50 5
757 6
2579 5
427 6
93689 5
4826 17
427 6
70833 5
45368 118
69801 5
4826 17
11 5
58 5
195412 7028
185690 9
130 5
138627 5
4826 17
89850 5
30690 5
30690 5
105846 6
5125 5
175004 5
1 5
501 4
170 5
166 5
7173 5
137751 5
771 6
2277 6
2277 6
2025 4
69801 5
771 6
771 6
33223 5
8443 5
2277 6
3824 5
185890 5
64835 5
2025 4
11651 4
195412 7028
121350 5
116337 5
163887 4
39876 5
50613 23
85854 6
888 5
182282 5
50 5
30240 5
308 4
70833 5
44071 5
12061 6
58 5
14979 5
3 6
126765 5
267 5
87518 5
227 5
9169 5
4674 4
195441 16885
11641 5
150375 5
114088 3
62246 5
363 5
2277 6
3824 5
33 6
267 5
888 5
341 5
41229 5
203922 3
41229 5
11641 5
167327 4
60039 6
38297 12
38297 12
14 5
148 5
12351 5
37921 4
1558 5
43988 5
14 5
19636 4
236 5
3 6
1737 5
74640 4
3824 5
3 6
14385 5
1558 5
3596 5
13953 5
13953 5
42 5
363 5
195447 2166
4674 4
1254 5
4674 4
8206 4
6 5
11651 4
4674 4
4 5
7011 5
9169 5
3 6
62246 5
84527 4
8206 4
34 5
12929 5
62049 6
1737 5
1000 5
267 5
1000 5
195579 3
17320 5
49 5
18164 4
12929 5
38641 5
195563 3
603 5
6 5
69479 5
6791 5
69479 5
2035 5
49369 5
170 5
5211 5
107682 5
1571 4
166 5
166 5
43988 5
13953 5
12 5
195583 3
118 5
12 5
195509 15880
13883 5
49 5
12 5
29969 5
10639 5
10639 5
4836 5
30586 5
97250 7
12700 4
4491 5
4491 5
158093 5
49369 5
60039 6
91493 6
161 5
771 6
5110 5
18164 4
2 5
6684 4
30586 5
91493 6
4491 5
61021 5
58983 5
58983 5
14385 5
10639 5
2 5
1159 6
200579 3
888 5
169 4
169 4
29969 5
1000 5
3596 5
193330 5
61021 5
2576 5
10066 6
90248 5
3 6
87 5
236 5
166987 5
5216 4
174334 5
1778 22
1778 22
9169 5
45777 6
267 5
93689 5
33 6
1121 5
33 6
10066 6
5110 5
195388 16394
10370 4
14130 4
4836 5
236 5
4836 5
45777 6
3596 5
3 6
90248 5
4836 5
118 5
4147 6
5110 5
12351 5
7657 5
721 5
169 4
195388 16394
4029 5
12351 5
170 5
1558 5
1159 6
3096 5
427 6
170 5
154075 5
33 6
1558 5
195619 3
42 5
4836 5
100186 5
1080 6
94297 6
42518 4
1159 6
147665 6
427 6
3283 5
195528 3682
195388 16394
4600 5
3096 5
25889 6
3 6
3 6
1530 105
181262 5
11641 5
1530 105
9321 5
11641 5
1571 4
42518 4
121 5
7173 5
20192 6
2413 5
41968 4
17307 5
3 6
12700 4
195388 16394
4491 5
19885 6
7173 5
170 5
13953 5
64835 5
58 5
10019 5
58 5
152401 4
171570 4
123310 5
154422 6
119362 9
10019 5
170 5
140212 6
5110 5
84527 4
169 4
10093 5
17307 5
7173 5
18 6
1378 6
1000 5
18 6
1378 6
195463 1288
195388 16394
12351 5
41968 4
7173 5
1118 5
5110 5
4964 4
7173 5
9 4
4714 5
4714 5
1338 5
4491 5
10 5
201491 3
180030 6
4964 4
4714 5
10093 5
3 6
195388 16394
22426 6
4964 4
170 5
170 5
10093 5
9321 5
85312 5
30 5
10093 5
85312 5
1000 5
1530 105
1000 5
9321 5
176254 5
5510 4
133155 5
5889 5
169 4
10093 5
134480 7
5889 5
12351 5
87518 5
13 5
92310 15
17307 5
92310 15
165779 5
1 5
227 5
205603 3
195527 16494
195388 16394
227 5
9169 5
4593 5
119317 4
2358 6
129387 5
14 5
197885 3
14 5
137720 5
4964 4
162121 6
3 6
3667 5
2358 6
1254 5
2413 5
1159 6
200508 3
3 6
1118 5
721 5
5510 4
187516 5
10639 5
3096 5
74640 4
195388 16394
59456 5
227 5
5889 5
88 5
14 5
88 5
227 5
66194 5
34 5
51437 32
79315 6
932 6
93577 5
4593 5
79315 6
5889 5
2920 5
727 5
1118 5
2920 5
14967 6
195440 1902
195388 16394
84241 5
21 5
145272 5
4593 5
4593 5
4593 5
91188 4
2046 11
91188 4
3172 6
12559 5
528 6
41407 5
58 5
25294 5
6715 6
26779 4
195388 16394
203601 3
58 5
528 6
161 5
54769 4
4593 5
88 5
41407 5
12 5
55 5
55 5
79517 4
31023 5
78037 5
14 5
189428 30
132138 5
88 5
12241 5
12 5
116973 6
179918 4
185 4
187 6
199908 3
72157 5
195450 13337
195388 16394
149 5
10420 5
6969 4
125342 5
88 5
93577 5
193 5
50050 4
5648 5
121 5
199217 3
14967 6
121 5
6969 4
1690 4
1690 4
56968 5
149 5
5767 5
107474 5
3172 6
185 4
3172 6
9169 5
35685 5
35685 5
195388 16394
36099 10
42 5
3172 6
78037 5
58 5
178258 6
58 5
137476 5
67035 5
17133 5
67035 5
65992 6
2920 5
4964 4
64 5
149 5
65992 6
9169 5
18390 4
17133 5
72157 5
7657 5
3172 6
22426 6
151017 5
189684 5
195394 13470
195388 16394
101515 5
3172 6
54769 4
10253 6
18390 4
10639 5
2 5
51437 32
2971 5
223 6
113315 6
178635 4
46687 6
22718 5
36099 10
847 4
3324 5
847 4
149 5
124472 5
847 4
4147 6
7972 5
195394 13470
195388 16394
8 5
34671 7
121 5
753 5
19885 6
82369 4
17133 5
128767 5
121 5
19885 6
210 5
753 5
41840 5
15003 5
117666 5
753 5
7972 5
195451 4484
195394 13470
1789 17
9068 5
132385 5
55 5
4964 4
4964 4
139222 5
58 5
22718 5
15003 5
2687 6
150265 4
223 6
1389 8
9068 5
56968 5
2971 5
18 6
2971 5
1690 4
9786 5
15003 5
59456 5
106 5
4358 5
118218 5
78985 5
195394 13470
7173 5
6969 4
258 5
78985 5
2046 11
614 5
282 4
1118 5
72 5
34671 7
31017 5
21840 5
51659 5
4730 20
48241 5
51659 5
106 5
31017 5
14131 4
170 5
14131 4
171850 6
110523 5
1707 5
8433 4
195465 6325
195394 13470
1530 105
282 4
107706 97
128281 5
195565 3
106 5
8102 5
92669 6
116579 5
68155 3
95887 6
45828 6
195639 3
185 4
102446 5
14131 4
84439 4
14131 4
64 5
90682 5
775 6
1210 6
195394 13470
157863 5
92669 6
1118 5
1210 6
1210 6
45828 6
107 5
8102 5
84439 4
106 5
81081 5
163 4
1210 6
197942 3
20109 5
81081 5
81688 6
2727 5
54747 5
200114 3
29157 12
29157 12
47279 5
77127 5
7275 6
195599 3
7275 6
48241 5
67055 5
107 5
195419 573
195394 13470
104350 5
60518 4
55334 5
57848 6
78823 4
176980 5
7275 6
57848 6
161 5
161 5
46 5
78823 4
82369 4
100611 4
4 5
9068 5
46687 6
14630 4
21 5
1118 5
75383 5
13 5
75383 5
195419 573
180328 5
2687 6
100943 5
67055 5
147066 5
47279 5
4 5
3096 5
2687 6
161 5
41857 4
65533 5
14630 4
14630 4
7312 4
14630 4
1512 5
81922 5
26052 5
81688 6
186707 14
6715 6
9068 5
1530 105
54061 6
13 5
6715 6
51851 6
104368 5
195485 3935
3 6
4 5
24132 6
4 5
3 6
1707 5
195625 3
16707 5
15 6
28 5
15 6
3 6
100 5
68155 3
9786 5
69986 4
101890 5
40008 5
79363 5
103734 4
9068 5
9068 5
64249 5
3 6
568 5
266 5
24132 6
6715 6
568 5
568 5
51080 6
84 5
568 5
51080 6
568 5
21 5
21840 5
266 5
41857 4
12 5
5 5
9786 5
12 5
135274 5
15003 5
185 4
89427 5
1530 105
1530 105
50687 5
4304 5
126697 6
6715 6
38 5
5 5
69986 4
5242 4
10874 6
5242 4
2605 32
64249 5
372 5
79363 5
372 5
195392 1980
57201 6
990 5
990 5
35888 6
704 5
89427 5
32 4
58070 4
5648 5
28 5
55399 4
1 5
1 5
55399 4
189241 6
159842 5
7972 5
7972 5
95887 6
2605 32
210 5
195617 3
13 5
32457 6
7972 5
2605 32
876 5
38 5
50687 5
38 5
79744 6
49955 5
3359 5
195392 1980
32 4
57158 6
103272 5
12240 6
4129 5
38 5
38 5
244 6
79744 6
704 5
4797 5
87878 5
847 4
119137 5
12 5
3181 5
134569 6
5648 5
8118 4
522 5
57158 6
87878 5
1102 5
99914 5
67302 5
195392 1980
195543 7663
561 5
9801 5
2874 5
8102 5
4797 5
66316 6
12 5
2 5
49955 5
195565 3
100 5
36 5
4797 5
6 5
123578 7
2971 5
5242 4
2874 5
65533 5
154 5
34844 5
36 5
26 5
3181 5
66917 4
1018 6
704 5
195392 1980
0 5
15 6
55334 5
40996 5
180 5
0 5
65249 5
66316 6
178277 6
10874 6
9801 5
9801 5
3181 5
64 5
7275 6
195612 3
16 5
1512 5
1512 5
42821 6
28585 4
13 5
195407 16827
195392 1980
30746 6
195865 3
10070 6
133846 6
1102 5
7275 6
16 5
1102 5
72503 6
10627 5
1512 5
84723 9
34844 5
10070 6
20109 5
195386 687166
195407 16827
195392 1980
30746 6
0 5
72503 6
8433 4
180 5
2298 4
643 4
153124 6
180 5
1512 5
2971 5
704 5
282 4
195563 3
1506 5
120537 19
10451 4
60818 9
60818 9
10451 4
2605 32
57729 4
49761 5
1383 6
568 5
199081 3
16 5
195407 16827
195392 1980
86926 4
133051 5
189709 6
60518 4
209 5
99021 6
38 5
16 5
16 5
7 4
2605 32
643 4
16 5
59433 4
107 5
195921 3
6031 6
2404 5
32625 6
185704 4
1707 5
266 5
8433 4
195407 16827
195392 1980
8433 4
522 5
14 5
59433 4
167084 5
160923 12
11 5
560 5
522 5
76597 5
76597 5
1862 5
3359 5
83355 5
14 5
123468 5
108304 5
53283 5
14 5
32915 5
26910 5
51851 6
130608 5
4129 5
96827 4
2298 4
195569 3
26 5
83299 5
195746 3
102958 4
1018 6
2693 4
2298 4
13 5
24095 5
10874 6
2404 5
97331 4
53283 5
4495 5
139104 5
100662 7
91247 6
42255 5
45899 6
31 5
8102 5
31 5
15958 4
10451 4
1512 5
6715 6
15958 4
14 5
177342 5
136067 5
10451 4
134715 6
65249 5
31 5
194111 5
15958 4
6717 5
182962 5
97331 4
14 5
849 12
6717 5
3625 5
1591 5
4129 5
601 5
28065 5
4 5
92044 5
8481 5
8481 5
131 5
30896 5
10070 6
45 5
86069 6
1926 5
6717 5
131 5
19 5
14 5
8433 4
14 5
56527 8
11 5
6715 6
185128 5
2605 32
19 5
48347 5
19 5
140919 5
7297 5
86069 6
27820 6
825 5
13 5
1926 5
6717 5
3546 4
1926 5
11 5
138756 5
5242 4
0 5
118248 4
195975 3
58209 4
5242 4
4495 5
9801 5
107 5
1862 5
95196 5
44143 5
36 5
1926 5
920 4
3546 4
44143 5
48347 5
28065 5
44 5
9161 5
920 4
83355 5
38437 5
1896 7
3271 5
38437 5
176237 7
8102 5
203200 3
195563 3
105219 4
3271 5
30896 5
1591 5
0 5
8433 4
177 5
100 5
181041 4
2338 5
1862 5
102551 5
56230 6
107 5
3625 5
2338 5
2404 5
56230 6
1 5
163789 5
1 5
206 5
18256 5
118389 5
16089 5
180 5
36875 5
450 5
49 5
11737 5
116 6
5242 4
42821 6
28585 4
2026 5
17016 5
29190 5
204 5
3625 5
3625 5
10070 6
10070 6
91373 4
49761 5
5242 4
166970 6
10070 6
9801 5
9801 5
91373 4
522 5
522 5
191 5
36875 5
191 5
5242 4
643 4
10627 5
18 6
643 4
18 6
42020 5
204 5
27815 10
3391 4
34 5
191936 5
191 5
7 4
149202 6
18 6
5242 4
139328 5
5242 4
10749 6
53725 16
10874 6
191 5
18256 5
187379 5
206 5
81541 5
2298 4
25 6
123456 5
25 6
53725 16
100 5
126640 5
10749 6
1502 4
35 5
9772 6
92693 6
849 12
568 5
4802 5
315 5
315 5
315 5
1502 4
7203 5
591 5
195563 3
107 5
1166 7
591 5
72536 6
13727 5
2298 4
3616 6
1018 6
84169 5
2693 4
195863 3
57792 3
13727 5
4802 5
42255 5
27760 18
315 5
125063 5
79994 5
457 5
9772 6
353 5
79994 5
121986 5
6 5
2338 5
161371 5
146 6
9772 6
455 5
90839 5
90839 5
111787 6
47920 5
4129 5
175997 4
86848 5
503 5
47920 5
85000 5
10 5
188345 4
10627 5
15958 4
95162 5
118908 6
455 5
115666 6
849 12
601 5
4 5
45 5
37562 5
601 5
601 5
135598 5
202801 3
56527 8
21526 5
7 4
45944 5
1018 6
113795 5
81541 5
353 5
353 5
21526 5
601 5
26860 5
353 5
78976 5
45 5
138732 4
10189 5
455 5
68672 4
113194 5
90207 5
11826 12
95162 5
4129 5
1216 5
104408 5
825 5
601 5
42020 5
2693 4
150899 6
1063 5
139 5
5100 5
880 5
10189 5
113241 5
170480 5
503 5
85324 5
880 5
3327 5
118123 5
2 5
85324 5
4802 5
4129 5
18256 5
601 5
11826 12
4495 5
68672 4
920 4
4802 5
195662 3
920 4
10189 5
173967 5
195572 3
4802 5
880 5
19947 23
4495 5
7 4
44 5
70935 5
195571 3
31540 5
6654 5
6654 5
10749 6
56997 5
18 6
38949 3
195578 3
15 6
43301 5
11513 6
19887 5
13 5
43301 5
18 6
183908 5
38949 3
10749 6
19947 23
18 6
195587 3
50 5
601 5
126 5
10749 6
601 5
13 5
381 5
4802 5
195641 3
575 5
11513 6
4495 5
1091 8
67 5
19887 5
11 5
181146 5
8759 4
67 5
381 5
67 5
18 6
80451 5
345 6
99222 4
44 5
381 5
956 5
39400 5
146 6
198303 3
601 5
50 5
41981 5
6037 5
57712 5
115837 4
80451 5
15340 6
26860 5
6037 5
19006 6
124 5
57712 5
4802 5
124 5
91858 5
65064 5
15340 6
95467 5
32304 5
27 5
195585 3
2298 4
6037 5
8759 4
8759 4
55137 5
6037 5
4608 5
106 5
193 5
2341 5
91858 5
174437 5
575 5
203709 3
19887 5
78976 5
193 5
166940 4
191797 4
357 5
3391 4
41981 5
16 5
3391 4
126 5
184733 5
35652 6
918 5
154 5
100 5
105488 5
13649 5
198918 3
13171 5
31 5
183068 5
12358 5
131916 4
157944 5
12358 5
13649 5
45709 5
67 5
10627 5
133711 6
176922 5
7 4
13727 5
70493 5
195564 3
7203 5
31 5
10627 5
111468 5
7 4
44 5
39 6
32304 5
13171 5
163118 6
11476 5
100 5
45709 5
76333 5
22234 4
35 5
151314 3
153060 6
12358 5
22234 4
204 5
171507 5
80403 26
6490 5
35 5
204 5
6490 5
51078 5
51078 5
190321 5
575 5
335 5
29290 6
335 5
77 5
80403 26
154 5
57792 3
615 5
100 5
92017 5
615 5
2473 5
85000 5
53 5
91785 6
29290 6
908 4
206 5
53 5
7 4
22860 4
849 12
195601 3
918 5
91785 6
76333 5
849 12
18691 4
109847 5
1018 6
4802 5
13483 4
2341 5
6654 5
188041 5
1018 6
341 5
146 6
615 5
7321 5
191908 5
7321 5
146 6
4495 5
86848 5
4495 5
1018 6
154 5
286 5
4495 5
129756 6
131362 5
4495 5
51535 4
4882 5
615 5
380 5
615 5
4882 5
4495 5
918 5
918 5
4495 5
180098 5
168314 5
6654 5
4 5
3 6
7203 5
196338 3
13171 5
1007 6
147 6
66 5
66 5
81255 6
6490 5
7203 5
7203 5
6490 5
137352 5
80621 4
6654 5
6654 5
1576 5
908 4
101117 5
17820 4
6654 5
140214 6
13171 5
1091 8
6709 5
120777 6
162857 5
14 5
1063 5
130 5
20882 5
163907 5
2298 4
2298 4
154501 5
23648 4
16 5
